1 1 129
1 39 701
1 102 135
1 154 1
1 357 264
1 459 27
2 14 1556
2 45 209
2 70 76
2 81 426
2 83 113
2 127 31
2 159 363
2 161 73
2 171 16
2 199 163
2 209 87
2 219 1502
2 237 175
2 239 50
2 281 154
2 283 1217
2 284 566
2 286 267
2 290 412
2 293 98
2 300 84
2 302 6
2 306 93
2 313 94
2 387 31
2 407 80
2 441 54
3 16 136
3 17 101
3 18 23
3 52 856
3 62 1781
3 83 172
3 84 1432
3 88 240
3 117 3001
3 120 1529
3 167 268
3 182 56
3 208 117
3 237 152
3 242 884
3 261 30
3 289 5
3 291 1499
3 293 46
3 312 71
3 362 686
3 365 916
3 367 393
3 371 2626
3 373 98
3 377 447
3 388 415
3 435 169
3 438 1795
3 488 11
3 529 9
4 7 80
4 32 151
4 36 557
4 73 482
4 91 154
4 116 4
4 196 340
4 202 8
4 207 131
4 232 125
4 245 101
4 291 787
4 324 4
4 352 66
4 393 99
4 453 42
4 530 90
5 72 68
5 82 10
5 448 5
6 64 99
6 82 106
6 115 149
6 229 423
6 236 1112
6 355 187
6 391 372
6 482 90
6 524 90
7 13 10
7 24 3940
7 52 195
7 60 254
7 82 5744
7 153 27
7 177 86
8 136 18
8 341 75
9 19 29
9 93 23
10 68 194
10 323 118
11 11 161
11 31 23
11 103 21
11 105 12
11 388 19
12 17 238
12 19 152
12 49 1230
12 55 901
12 58 628
12 67 1264
12 169 847
13 3 520
13 10 196
13 22 30
13 115 382
13 165 121
14 82 369
14 399 22
14 435 119
15 3 28
15 159 41
16 8 65
16 12 744
16 13 158
16 59 2533
16 60 116
16 69 77
16 82 8966
16 119 126
16 126 64
16 139 240
16 205 59
16 291 10
16 364 55
17 11 176
17 12 1947
17 13 4534
17 18 779
17 22 257
17 46 12586
17 58 693
17 62 2991
17 72 43
17 79 18
17 82 2523
17 87 177
17 94 2729
17 103 546
17 119 413
17 128 179
17 137 61
17 186 76
17 239 762
17 240 61
17 289 1715
17 385 3336
17 446 6618
17 472 11
17 527 25
18 2 1040
18 9 35
18 11 1702
18 12 122
18 13 3225
18 18 45
18 19 1732
18 22 119
18 46 937
18 48 1218
18 59 6580
18 60 18
18 72 402
18 75 450
18 76 2653
18 82 996
18 87 175
18 94 272
18 100 643
18 103 39
18 110 16
18 119 413
18 131 200
18 159 649
18 194 150
18 200 78
18 204 2237
18 205 345
18 207 221
18 220 90
18 289 273
18 305 1573
18 385 364
18 446 694
18 482 135
18 546 41
18 548 56
19 12 415
19 13 200
19 18 8
19 20 2123
19 60 32
19 62 37
19 121 103
19 164 601
19 262 694
19 289 198
19 308 92
19 377 7
20 5 57
20 7 206
20 208 16
20 263 42
21 56 56
21 341 25
22 7 108
23 7 276
23 16 55
23 36 575
23 81 491
23 82 3918
23 91 401
23 128 174
23 361 1309
23 379 42
23 423 132
23 443 44
23 482 1123
24 8 2
24 15 27
24 17 16
24 59 19
24 82 157
24 185 33
24 202 53
24 205 34
24 252 189
24 281 69
24 391 59
24 410 74
24 423 74
25 2 3927
25 6 89
25 7 1486
25 19 186
25 69 69
25 110 2578
25 210 22
25 255 27
25 273 434
25 297 29
25 402 207
25 422 70
25 441 100
25 482 469
26 7 446
26 10 49
26 16 102
26 17 139
26 91 58
26 107 3587
26 114 904
26 122 337
26 132 140
26 192 720
26 266 1215
26 283 517
26 292 40
26 298 131
26 330 163
26 373 97
26 396 53
26 440 325
26 457 60
26 523 339
26 529 244
27 13 71
27 20 1020
27 55 245
27 75 326
27 82 1859
27 92 334
27 156 297
27 185 43
27 199 114
27 202 18
27 204 25
27 236 277
27 237 363
27 245 52
27 273 326
27 322 881
27 340 420
27 347 26
27 373 41
27 465 135
28 13 62
28 16 95
28 17 135
28 20 152
28 60 242
28 62 24
28 64 9
28 67 396
28 82 395
28 89 98
28 102 5
28 103 244
28 109 150
28 110 163
28 123 248
28 139 85
28 150 150
28 162 57
28 166 32
28 168 68
28 169 536
28 182 68
28 196 12
28 199 9
28 202 95
28 219 49
28 237 323
28 242 105
28 252 66
28 264 783
28 347 228
28 365 47
28 386 15
28 391 49
29 7 296
29 18 59
29 52 72
29 95 47
29 322 543
29 377 100
29 422 27
30 12 1934
30 16 376
30 17 364
30 152 871
30 164 648
30 195 495
31 10 498
31 11 161
31 25 145
31 59 296
31 60 96
31 75 166
31 82 942
31 92 3
31 103 165
31 121 85
31 249 4
32 11 831
32 13 1969
32 46 8319
32 62 418
32 304 762
32 319 253
32 446 948
32 527 159
33 517 8
34 64 64
35 13 43
35 60 31
35 211 73
35 229 174
35 375 196
35 379 38
36 7 50
36 13 341
36 36 65
36 60 53
36 68 391
36 82 17
36 94 132
36 101 13
36 194 91
36 289 150
36 324 259
37 13 909
37 30 76
37 113 1644
38 46 2709
38 49 1230
38 58 776
38 67 976
38 82 241
38 128 165
38 151 665
38 283 524
38 291 416
38 304 765
38 333 85
38 341 150
38 379 17
38 395 50
39 154 23
39 199 14
40 7 39
40 51 13
40 115 62
41 82 22
42 44 66
42 64 841
42 161 312
42 229 180
42 235 159
42 236 162
42 281 78
42 350 136
42 352 74
42 524 131
42 544 291
43 426 59
44 7 245
44 8 2200
44 10 79
44 12 2608
44 15 194
44 17 3721
44 20 2399
44 39 1227
44 73 85
44 84 945
44 91 554
44 101 98
44 102 2460
44 152 1341
44 163 353
44 199 62
44 234 79
44 238 205
44 295 1387
44 317 353
44 322 2050
44 427 400
44 443 2158
44 495 1252
44 499 296
44 529 451
45 39 2828
45 55 478
45 102 78
45 170 84
45 173 356
45 216 196
45 241 1022
45 489 1219
46 86 267
46 374 52
47 5 4739
47 7 39
47 13 25
47 14 166
47 15 271
47 18 436
47 20 3782
47 49 374
47 59 7443
47 81 1479
47 82 1199
47 89 295
47 99 201
47 107 2226
47 117 384
47 127 13
47 131 57
47 162 157
47 169 191
47 185 211
47 207 600
47 208 762
47 237 319
47 239 174
47 261 195
47 273 393
47 281 472
47 295 311
47 303 115
47 304 3706
47 324 312
47 333 103
47 339 19
47 363 3
47 364 101
47 370 488
47 385 118
47 386 1014
47 465 286
47 519 14
47 526 18
47 544 6
48 123 460
49 76 178
49 231 13
49 304 71
50 105 278
51 176 4
51 239 86
51 318 71
52 8 164
52 39 2005
52 155 75
52 173 1073
52 239 568
52 405 1061
52 431 412
52 451 798
52 452 377
52 531 107
53 2 130
53 18 431
53 19 288
53 44 177
53 93 1013
53 117 2392
53 131 2108
53 159 97
53 169 2563
53 178 612
53 186 280
53 191 1812
53 201 174
53 236 186
53 239 284
53 253 1196
53 257 2962
53 289 6132
53 303 917
53 323 192
53 357 145
53 362 537
53 378 950
53 386 1884
53 408 562
53 411 1227
53 420 224
53 443 1575
53 457 345
53 482 21
53 486 1025
53 513 116
53 524 1169
53 541 185
53 550 48
54 13 1627
54 26 3168
54 76 427
54 82 4852
54 117 930
54 291 403
54 385 937
54 392 212
54 407 531
55 13 86
56 5 3183
56 17 578
56 39 1437
56 81 2904
56 99 1235
56 102 2403
56 173 285
56 234 3463
56 345 3153
56 423 5376
56 431 314
56 488 424
56 498 2021
56 513 735
57 93 31
57 121 63
57 264 80
57 419 9
58 12 269
58 17 181
58 54 238
58 107 80
58 136 134
58 150 388
58 154 481
58 166 246
58 191 1300
58 237 194
58 326 188
58 345 214
58 411 78
58 431 81
58 482 345
59 72 1038
59 131 138
59 154 175
59 281 41
59 488 128
60 37 5614
60 43 2006
60 49 486
60 55 1497
60 56 3227
60 57 550
60 91 29
60 223 1073
60 232 1005
60 237 162
60 240 1005
60 506 165
61 21 161
61 37 74
61 261 77
62 35 141
62 91 106
62 131 133
62 164 1553
62 252 625
62 443 139
62 490 69
63 19 315
63 122 251
63 150 342
63 191 752
64 36 155
65 7 34
65 115 518
65 131 16
66 454 44
66 472 30
66 522 72
67 7 828
67 8 1251
67 12 130
67 13 1780
67 19 419
67 21 317
67 22 328
67 27 262
67 30 166
67 31 1475
67 33 78
67 37 1613
67 39 1322
67 40 330
67 42 98
67 43 818
67 47 1185
67 55 2594
67 58 427
67 60 810
67 63 343
67 65 914
67 80 603
67 95 33
67 100 154
67 103 2203
67 121 2063
67 131 887
67 133 1549
67 139 488
67 150 500
67 151 872
67 155 46
67 163 298
67 165 35
67 173 1241
67 174 17
67 177 118
67 179 135
67 181 831
67 186 692
67 190 17
67 191 755
67 197 157
67 199 552
67 202 644
67 208 775
67 223 842
67 226 209
67 229 37
67 233 231
67 236 326
67 237 853
67 238 839
67 239 857
67 240 936
67 248 69
67 249 2660
67 273 1583
67 274 92
67 276 562
67 293 148
67 305 1289
67 313 900
67 314 36
67 317 20
67 333 3664
67 335 504
67 338 650
67 345 465
67 347 847
67 353 791
67 355 1207
67 362 85
67 367 23
67 368 449
67 379 109
67 382 26
67 385 330
67 397 43
67 412 646
67 414 357
67 422 402
67 423 310
67 431 137
67 443 658
67 451 199
67 453 733
67 460 240
67 465 2047
67 476 531
67 488 106
67 489 1211
67 504 2
67 506 125
67 507 30
67 513 506
67 529 323
67 537 26
68 8 161
68 11 13
68 13 82
68 24 556
68 75 87
68 89 99
68 122 509
68 157 18
68 192 32
68 194 238
68 253 261
68 355 242
69 183 12
69 301 109
70 17 4
70 22 76
70 24 294
70 79 1380
71 7 92
71 12 199
71 13 61
71 22 1145
71 23 102
71 50 112
71 57 83
71 170 23
71 178 73
71 247 352
71 255 64
72 15 340
72 82 367
72 131 71
72 207 252
72 363 26
72 367 34
72 436 162
72 448 81
72 449 44
72 450 23
73 4 345
73 10 295
73 12 8741
73 14 190
73 16 3784
73 29 1288
73 35 885
73 82 578
73 91 1224
73 97 101
73 101 1016
73 110 92
73 114 108
73 140 107
73 152 6025
73 164 1404
73 195 146
73 199 15
73 221 175
73 227 831
73 317 230
73 333 496
73 338 430
73 345 2978
73 427 675
74 4 21
74 19 245
74 37 176
74 43 395
74 49 327
74 51 254
74 55 92
74 57 309
74 58 187
74 70 108
74 91 13
74 101 78
74 114 22
74 115 10
74 124 156
74 174 57
74 181 6
74 199 66
74 208 14
74 232 246
74 234 73
74 237 259
74 240 9
75 2 25
75 9 26
75 11 326
75 12 326
75 13 188
75 46 22
75 59 187
75 60 6
75 94 201
75 100 52
75 119 2
75 202 52
75 205 300
75 207 22
75 241 44
75 281 37
76 12 322
76 25 475
76 51 77
76 135 391
77 43 103
77 57 52
78 13 80
78 42 348
78 52 586
78 59 984
78 156 197
78 185 261
78 196 664
78 207 169
78 283 1000
78 308 160
78 352 497
78 419 407
78 465 282
78 488 109
79 18 3
79 29 318
79 155 31
80 64 128
80 544 110
81 453 155
82 5 699
82 7 8
82 10 44
82 12 126
82 16 319
82 47 141
82 59 305
82 60 47
82 99 24
82 325 315
83 5 292
83 7 3
83 19 1255
83 22 308
83 49 994
83 50 111
83 72 403
83 126 72
83 186 91
84 7 25
84 12 36
84 18 47
84 72 144
84 128 798
84 199 67
85 22 15
85 75 66
85 194 40
86 454 21
86 482 28
87 7 12
87 92 164
87 93 3040
87 185 399
87 237 95
87 325 1778
87 329 274
87 352 415
87 358 4541
87 492 604
88 70 77
88 269 144
89 297 6
90 16 247
90 18 211
90 31 210
90 49 345
90 51 108
90 58 241
90 69 246
90 70 893
90 122 158
90 128 325
90 169 164
90 172 750
90 185 90
90 193 68
90 201 5
90 219 1566
90 291 1664
90 301 964
90 312 28
90 326 67
90 386 247
90 423 778
90 465 65
90 483 1325
90 509 285
91 2 54
91 11 76
91 13 85
91 122 267
91 489 57
92 1 19
92 100 65
92 252 8
93 4 362
93 12 94
93 14 79
93 35 88
93 43 210
93 73 53
93 101 11
93 244 133
93 305 88
93 313 172
93 377 88
93 488 88
93 534 531
94 8 64
94 81 34
94 203 34
94 237 35
94 253 41
94 352 39
94 388 70
95 4 15
95 10 144
95 19 681
95 31 14
95 37 389
95 47 12
95 341 102
95 482 84
95 493 456
96 101 150
97 18 9
97 59 54
97 69 67
97 75 42
97 82 80
97 134 168
97 218 27
97 251 2220
97 386 179
98 10 42
98 59 13
98 75 51
98 116 2
98 245 33
98 360 32
99 17 2746
99 20 17
99 48 201
99 51 243
99 64 20
99 109 494
99 117 1246
99 166 271
99 172 77
99 178 183
99 185 173
99 237 156
99 281 122
99 311 44
99 323 14
99 347 49
99 415 37
99 438 238
99 499 16
99 528 54
100 2 429
100 8 2002
100 9 372
100 12 850
100 13 5079
100 18 1782
100 19 2526
100 20 410
100 28 404
100 30 449
100 32 2315
100 33 551
100 35 3077
100 36 404
100 38 404
100 47 1857
100 49 86
100 53 404
100 59 404
100 60 2288
100 62 414
100 69 527
100 74 74
100 75 404
100 82 24790
100 87 1330
100 91 3176
100 93 917
100 102 69
100 103 3408
100 107 6628
100 109 433
100 111 228
100 115 427
100 117 6678
100 128 450
100 131 2346
100 137 1029
100 141 1119
100 163 397
100 169 3204
100 180 368
100 185 4868
100 186 247
100 196 411
100 206 386
100 208 2793
100 222 402
100 233 370
100 237 2270
100 249 135
100 253 1914
100 257 2112
100 273 1703
100 281 585
100 289 6282
100 291 210
100 301 128
100 308 2178
100 309 43
100 313 137
100 319 541
100 333 1189
100 335 130
100 347 1413
100 350 383
100 357 226
100 358 2499
100 367 1711
100 373 1475
100 377 6878
100 386 1797
100 391 1831
100 393 38
100 396 367
100 399 902
100 403 1108
100 405 97
100 411 2759
100 419 118
100 430 851
100 435 4211
100 451 244
100 465 1812
100 475 555
100 476 475
100 488 699
100 491 1160
101 11 8
102 59 11895
102 74 1602
102 82 4146
102 91 1291
102 93 7615
102 204 633
102 260 858
102 283 41
102 325 1051
102 358 4171
102 366 369
102 488 686
102 492 47
102 543 282
103 22 836
103 39 2285
103 82 3682
103 85 1214
103 102 1717
103 155 1012
103 178 1821
103 186 1168
103 195 182
103 222 59
103 245 1224
103 251 863
103 336 15
104 49 27
104 67 1793
104 251 127
104 296 1744
105 12 2648
105 17 4531
105 20 341
105 39 904
105 101 392
105 102 1239
105 125 248
105 152 3058
105 154 153
105 163 757
105 195 2146
105 289 298
105 340 1031
105 362 1786
106 12 762
106 52 26
106 101 145
106 118 86
107 22 146
108 128 133
108 199 14
109 13 701
109 16 9
109 17 128
109 19 8
109 20 1239
109 48 5502
109 49 263
109 54 3221
109 59 2191
109 76 530
109 117 24
109 199 42
109 208 129
109 219 819
109 245 326
109 316 29
109 443 248
109 532 140
110 18 24
110 32 179
110 60 216
110 74 181
110 186 320
110 206 69
110 325 109
111 289 92
112 13 1776
112 22 605
112 36 577
112 41 1482
112 55 1287
112 72 1511
112 245 115
113 12 8
114 20 313
114 525 763
115 141 49
116 34 180
117 31 87
117 51 105
117 117 311
117 123 908
117 124 183
117 126 74
117 169 415
117 193 22
117 221 107
118 17 66
118 19 62
118 22 41
118 36 67
118 51 19
118 126 127
118 130 11
118 185 16
118 193 46
118 241 33
118 268 28
118 277 4
118 303 27
119 43 60
119 82 1475
119 430 135
120 75 7
120 194 3
120 218 128
120 284 95
121 32 251
122 4 2
122 12 557
122 16 2027
122 17 2114
122 31 35
122 55 301
122 174 58
122 182 138
122 215 157
122 341 116
123 12 370
123 16 522
123 22 8
123 24 61
123 70 17
123 101 1558
123 123 850
123 152 631
123 221 504
123 239 460
123 279 452
123 295 312
123 325 16
123 470 42
124 7 197
124 10 105
124 12 41
124 13 275
124 14 177
124 25 6
124 30 2052
124 31 685
124 32 3
124 33 165
124 51 130
124 55 477
124 58 712
124 72 190
124 75 456
124 115 183
124 121 164
124 194 85
124 208 30
124 248 117
124 273 1723
124 274 196
124 308 94
124 385 84
124 465 164
124 529 14
125 12 1291
125 17 201
125 54 1098
125 69 60
125 71 231
125 75 187
125 107 94
125 117 1056
125 128 162
125 139 80
125 194 22
125 208 15
125 209 90
125 237 155
125 253 28
125 254 252
125 263 56
125 272 340
125 273 229
125 288 184
125 291 82
125 293 59
125 310 8
125 323 8
125 333 29
125 347 120
125 352 66
125 359 21
125 435 210
125 462 17
125 465 365
126 134 383
126 185 255
126 236 220
126 451 110
126 497 95
127 4 88
127 5 287
127 99 70
128 33 18
128 76 146
128 122 670
128 123 231
128 125 437
128 133 19
128 164 22
128 192 139
128 206 89
128 275 220
128 401 118
128 407 113
129 21 369
129 49 422
129 121 112
129 125 296
129 133 257
129 160 35
129 208 179
129 226 116
129 236 199
129 239 373
129 273 419
129 419 84
129 465 1453
129 482 153
129 484 42
130 13 81
130 513 48
131 73 42
131 294 21
132 44 109
132 82 157
132 201 752
132 361 548
132 364 2227
132 408 1351
132 482 122
133 19 5146
133 51 21
133 93 3133
133 115 85
133 118 29
133 126 635
133 167 640
133 378 254
133 460 65
134 20 442
134 28 457
134 59 268
134 82 17
134 87 486
134 106 55
134 110 175
134 113 55
134 118 100
134 171 95
134 294 60
134 415 160
135 10 590
135 13 50
135 15 35
135 22 110
135 25 255
135 59 124
135 115 18
135 131 118
135 161 113
135 193 264
135 202 107
135 226 73
135 239 331
135 281 122
136 52 60
137 39 2081
137 47 173
137 73 108
137 102 1748
137 173 1779
137 244 2911
137 336 273
137 355 363
138 2 780
138 6 198
138 7 1190
138 231 84
138 252 67
138 422 96
138 482 30
138 488 489
139 218 16
139 463 118
139 474 612
140 4 346
140 10 7
140 91 183
140 191 368
140 547 4
141 22 145
141 36 796
141 72 1180
141 154 147
141 526 30
142 4 575
142 10 229
142 12 1245
142 37 1413
142 59 1235
142 326 332
142 363 136
143 154 88
143 526 75
144 434 197
145 12 1130
145 16 3040
145 32 1144
145 37 194
145 51 1751
145 82 771
145 88 1474
145 123 1218
145 193 134
145 272 297
145 281 1078
145 295 203
145 312 42
145 379 301
145 388 458
145 404 26
145 465 64
146 7 44
146 12 5849
146 58 52
146 69 848
146 88 343
146 97 65
146 101 747
146 170 5
146 199 7
146 251 1000
146 281 164
146 404 113
146 529 103
147 22 54
148 7 119
148 23 1
148 44 48
148 48 60
148 70 55
148 174 9
148 190 15
148 241 3
148 281 29
148 294 42
148 386 5
148 422 40
148 443 20
148 451 20
148 498 41
149 36 623
149 39 2301
149 75 71
149 102 910
149 194 87
149 291 413
149 322 1867
149 423 190
149 489 389
149 495 1202
149 502 1184
150 12 44
150 13 93
150 30 452
150 32 98
150 73 165
150 274 94
150 325 693
151 13 124
152 82 45
153 266 24
154 12 38
155 55 629
156 4 18
156 22 10
156 37 18
156 181 114
156 194 20
157 19 42
157 22 84
157 24 160
157 76 394
157 118 28
157 241 32
157 493 796
158 2 558
158 6 130
158 7 282
158 75 7
158 122 108
158 187 99
158 231 290
159 10 63
159 115 45
159 237 45
159 298 1555
160 454 296
161 298 37
162 4 12
162 10 15
163 13 45
163 356 36
163 385 41
164 12 50
164 13 459
164 18 220
164 20 162
164 29 145
164 34 526
164 35 1128
164 39 39
164 40 467
164 42 73
164 47 125
164 50 380
164 62 474
164 69 86
164 75 273
164 82 243
164 85 27
164 86 97
164 93 34
164 110 134
164 128 588
164 130 27
164 131 181
164 133 78
164 141 20
164 150 509
164 152 155
164 153 32
164 157 69
164 164 160
164 166 273
164 169 174
164 173 591
164 180 167
164 181 259
164 182 141
164 185 615
164 194 403
164 207 21
164 208 1460
164 227 203
164 229 819
164 233 130
164 234 225
164 235 46
164 269 95
164 271 85
164 274 26
164 281 139
164 286 20
164 288 508
164 289 847
164 293 766
164 294 46
164 301 171
164 312 103
164 317 91
164 324 112
164 333 573
164 335 10
164 341 78
164 349 5
164 356 1581
164 361 241
164 364 176
164 373 25
164 379 37
164 385 19
164 405 17
164 406 33
164 411 275
164 415 29
164 418 93
164 419 119
164 420 170
164 435 105
164 436 185
164 443 40
164 451 715
164 465 593
164 492 20
164 500 227
164 513 48
164 529 239
165 7 8
166 74 2008
166 91 288
166 110 323
166 131 468
166 133 1008
166 206 11
166 252 319
166 291 243
166 353 933
166 356 408
166 445 142
167 2 3
167 6 29
167 265 22
168 13 132
168 34 160
168 60 198
168 69 41
168 82 143
168 150 147
168 229 261
168 235 396
168 305 91
168 350 193
168 356 34
168 434 14
168 526 70
169 10 144
169 13 70
169 15 8
169 25 53
169 30 45
169 59 116
169 75 417
169 115 92
169 121 78
169 149 43
169 175 56
169 222 109
169 249 14
169 350 84
169 358 45
170 3 347
170 8 347
170 10 347
170 12 347
170 15 347
170 22 347
170 25 347
170 38 347
170 42 347
170 53 347
170 69 347
170 75 347
170 89 347
170 93 318
170 194 347
170 201 347
170 238 353
170 243 347
170 265 360
170 281 323
170 324 347
170 390 347
170 488 347
170 501 347
171 12 143
171 109 142
171 118 297
171 199 8
171 391 113
172 7 159
172 15 97
172 28 3918
172 44 96
172 48 12783
172 59 6053
172 72 2400
172 82 1101
172 87 60
172 91 161
172 100 4737
172 103 340
172 106 2964
172 116 114
172 117 2526
172 118 3198
172 153 1270
172 154 113
172 166 111
172 208 165
172 222 266
172 245 35
172 291 44
172 348 117
172 392 297
172 406 230
172 434 163
172 443 112
172 446 1354
172 451 28
172 459 168
172 482 214
172 527 11
173 3 375
173 10 2312
173 19 168
173 28 1622
173 48 1885
173 70 221
173 109 729
173 114 397
173 117 1706
173 118 1035
173 141 1896
173 174 63
173 179 2
173 189 293
173 206 471
173 259 78
173 340 313
173 443 281
173 482 94
174 10 214
174 13 142
174 18 234
174 82 388
174 103 164
174 117 454
174 128 125
174 141 36
174 161 391
174 167 3
174 202 55
174 233 239
174 237 75
174 253 138
174 274 137
174 291 59
174 298 252
174 305 673
174 308 304
174 324 177
174 325 90
174 347 24
174 350 366
174 362 16
174 367 33
174 373 505
174 377 661
174 399 198
174 401 185
174 430 197
175 10 209
175 18 326
175 22 211
175 36 244
175 41 823
175 43 792
175 57 631
175 97 389
175 135 101
175 252 615
175 281 25
175 362 128
175 371 1172
176 10 634
176 22 208
176 37 444
176 56 107
176 59 107
176 72 151
176 75 138
176 104 898
176 151 110
176 186 55
176 208 363
176 338 975
176 444 211
176 488 111
177 37 22
177 38 8
177 43 20
178 3 201
178 32 35
178 74 182
178 75 165
178 121 23
178 194 26
178 291 349
179 38 8
180 7 56
180 10 72
180 12 8
180 15 175
180 16 60
180 50 210
180 59 284
180 75 1027
180 123 88
180 131 116
180 151 1486
180 175 207
180 194 198
180 202 103
180 237 49
180 238 61
180 281 524
180 501 117
181 2 379
181 10 3
181 25 107
181 109 289
181 135 365
181 182 220
182 2 210
182 57 42
182 135 30
182 151 38
182 182 929
182 265 115
182 532 137
182 533 1232
183 13 123
183 49 142
183 362 144
183 444 361
184 21 940
184 35 280
184 41 175
184 65 541
184 66 103
184 75 456
184 85 246
184 86 147
184 98 1236
184 104 86
184 116 20
184 117 205
184 121 32
184 140 120
184 173 71
184 199 290
184 208 576
184 245 62
184 275 767
184 281 229
184 374 12
184 423 24
184 489 815
184 537 86
185 13 290
185 30 251
185 32 275
185 41 4848
185 49 704
185 55 229
185 58 312
185 70 235
185 136 16
185 181 226
185 232 922
185 250 2183
185 257 1216
185 269 92
185 291 1273
185 318 80
185 326 76
185 353 1426
185 356 348
185 483 383
186 16 17
186 19 47
186 24 328
186 37 232
186 56 63
186 59 221
186 76 67
186 91 10
186 105 100
187 3 287
187 5 4489
187 10 292
187 37 155
187 55 1291
187 96 196
187 99 74
187 189 80
188 82 130
189 86 300
189 98 19
190 199 70
191 17 203
191 86 60
191 91 193
191 93 811
191 101 34
191 117 88
191 139 349
191 178 47
191 193 51
191 226 39
191 253 148
191 291 156
191 356 139
191 387 446
191 484 43
191 488 201
192 12 4769
192 16 2472
192 88 617
192 101 1135
192 123 1273
192 202 8
192 367 196
192 404 510
193 12 3185
193 13 141
193 16 235
193 88 1659
193 108 38
193 404 32
194 18 45
194 72 354
194 74 4529
194 86 1170
194 91 96
194 93 14423
194 115 629
194 175 1704
194 185 496
194 193 1039
194 383 539
194 392 158
194 493 44
195 10 199
195 20 2354
195 24 776
195 36 1705
195 41 439
195 78 218
195 82 4808
195 92 44
195 107 1031
195 125 395
195 163 647
195 169 2153
195 208 645
195 236 257
195 237 258
195 288 362
195 303 53
195 319 2076
195 352 145
195 387 856
195 390 40
195 407 449
196 10 285
196 38 219
196 53 14
196 75 28
196 82 55
196 196 86
196 237 301
196 320 185
196 333 50
196 347 277
196 443 320
196 499 128
196 503 107
197 3 103
197 10 1647
197 51 131
197 80 627
197 97 256
197 166 155
197 178 501
197 182 564
197 227 2443
197 228 2082
197 237 381
197 286 381
197 313 767
197 342 323
197 362 407
197 366 411
197 509 268
197 525 301
198 427 73
199 25 268
199 407 12
200 106 3775
200 110 32
200 153 434
200 196 542
200 215 90
200 283 39
201 3 464
201 5 1220
201 10 954
201 15 34
201 53 57
201 59 104
201 151 127
201 189 84
201 218 396
202 10 16
202 13 8
202 19 15
202 104 56
202 199 11
202 239 38
202 253 33
202 329 64
203 121 31
204 75 94
204 104 51
204 131 12
205 21 636
205 25 84
205 32 703
205 33 715
205 37 90
205 41 351
205 42 534
205 43 754
205 308 1195
206 13 858
206 18 82
206 20 236
206 26 135
206 27 4
206 28 1836
206 44 289
206 46 871
206 48 841
206 59 1670
206 70 40
206 82 658
206 87 451
206 90 262
206 97 154
206 102 150
206 103 110
206 106 1540
206 110 2643
206 117 1360
206 118 308
206 119 25
206 122 73
206 131 931
206 134 43
206 153 1246
206 169 267
206 174 88
206 179 95
206 184 205
206 209 340
206 252 86
206 254 82
206 294 607
206 364 570
206 365 216
206 373 237
206 482 15
207 10 425
207 28 442
207 59 705
207 72 338
207 75 104
207 82 3367
207 87 84
207 106 1116
207 118 230
207 131 509
207 134 196
207 151 1039
207 153 272
207 194 32
207 283 32
207 446 527
207 455 27
207 482 22
207 531 177
208 28 311
208 87 80
208 106 584
208 118 883
208 119 72
208 153 294
208 164 31
208 171 3
208 215 371
208 283 59
208 446 357
209 28 33
210 32 104
210 83 39
211 28 61
211 91 75
211 420 61
212 3 13
213 9 96
213 59 10
213 360 41
214 28 13
215 19 176
215 115 125
215 136 39
216 10 5
217 13 1268
217 19 86
217 73 375
217 82 150
217 89 167
217 168 31
217 229 57
217 289 338
217 446 115
218 28 173
219 10 93
219 75 34
219 193 41
220 10 9
220 19 63
220 28 1335
220 59 63
220 70 26
220 82 497
220 87 63
220 238 115
220 319 984
220 443 188
220 527 38
221 12 977
221 13 28
221 75 35
221 80 72
221 82 97
221 86 882
221 98 74
221 186 56
221 252 52
221 325 600
221 358 244
221 362 132
222 38 17
223 19 234
223 87 17
223 90 333
223 93 478
224 8 107
224 12 2163
224 59 657
224 82 156
224 101 9
224 121 57
224 262 188
224 263 380
224 365 321
224 543 43
225 13 514
225 14 993
225 18 185
225 20 802
225 22 367
225 58 629
225 69 81
225 73 551
225 91 279
225 107 278
225 118 258
225 131 427
225 150 124
225 151 385
225 152 141
225 159 429
225 160 180
225 161 452
225 162 189
225 163 1264
225 164 60
225 172 83
225 190 200
225 212 69
225 233 33
225 237 390
225 265 49
225 273 425
225 291 28
225 292 8
225 313 169
225 367 47
225 378 885
225 379 10
225 393 166
225 443 234
225 498 40
226 10 21
226 16 130
226 38 258
226 59 295
226 114 22
226 136 391
226 151 13
226 230 12
226 252 35
226 271 358
226 326 44
226 379 18
227 10 198
227 19 88
227 25 42
227 160 41
227 249 192
227 290 287
228 8 266
228 10 251
228 15 251
228 18 302
228 36 266
228 42 251
228 52 251
228 58 266
228 64 266
228 69 266
228 70 266
228 74 265
228 91 251
228 93 251
228 101 266
228 115 266
228 116 251
228 128 266
228 159 251
228 162 251
228 180 266
228 186 251
228 190 251
228 195 266
228 202 266
228 232 251
228 239 266
228 241 266
228 251 266
228 253 251
228 281 266
228 291 266
228 312 266
228 315 266
228 317 266
228 324 266
228 326 266
228 347 266
228 377 266
228 386 266
228 393 251
228 402 266
228 419 266
228 430 266
228 438 266
228 441 266
228 443 266
228 464 266
228 465 266
228 488 266
228 501 266
228 513 266
229 18 245
229 62 267
229 154 25
229 201 91
229 435 10
229 491 21
230 3 61
230 10 31
230 28 248
230 151 969
230 153 290
231 10 518
231 32 830
231 55 300
231 59 189
231 73 593
231 196 127
231 199 10
231 238 300
231 333 130
231 338 592
231 352 23
231 354 30
231 400 164
231 436 50
232 8 109
232 41 149
232 91 29
232 115 73
232 117 140
232 131 73
232 443 63
233 3 819
233 5 68
233 10 494
233 48 293
233 59 387
233 75 84
233 83 229
233 98 907
233 185 129
233 199 76
233 234 223
233 237 460
233 273 683
233 293 160
233 301 138
233 374 315
233 423 34
234 11 352
234 91 9
234 436 177
235 14 33
235 22 34
235 37 11
235 69 35
235 75 14
235 87 56
235 181 162
235 261 45
236 543 75
237 161 45
238 52 341
239 3 36
239 5 169
240 8 13
241 7 81
242 14 179
242 22 24
242 72 1919
242 73 276
242 91 279
242 107 600
242 165 123
242 190 27
242 208 123
242 354 335
242 355 2399
243 25 42
243 340 47
243 395 28
244 103 32
245 172 638
246 8 77
246 73 146
246 172 356
247 10 22
247 38 235
247 59 42
247 91 38
248 25 22
249 8 112
249 73 162
249 196 1052
249 218 219
249 354 24
250 227 882
250 228 159
251 101 126
251 172 231
251 356 100
252 10 12
252 360 29
253 85 139
254 152 178
254 252 25
255 59 3
256 218 252
256 386 210
257 252 33
258 12 52
258 28 25
258 55 2857
259 59 477
259 252 89
259 260 184
259 275 109
259 295 195
260 164 250
260 443 407
261 7 2
261 43 97
262 10 126
262 15 20
262 59 47
262 228 772
262 326 143
263 19 15
264 7 51
264 8 92
264 10 40
264 12 24
264 15 98
264 18 45
264 19 3
264 20 35
264 51 84
264 55 6
264 69 27
264 70 4
264 83 43
264 91 31
264 103 3
264 115 7
264 121 7
264 131 36
264 135 103
264 151 275
264 312 7
264 377 71
264 465 16
265 12 100
265 14 54
265 20 6053
265 107 5527
265 202 9
265 208 117
265 283 3943
265 388 357
265 440 1974
265 530 69
266 526 36
267 20 441
267 22 1634
267 33 460
267 454 199
268 10 456
268 19 932
268 36 11
268 93 12
268 132 70
268 238 101
268 251 49
268 298 1378
268 308 90
268 465 35
269 3 42
269 5 75
269 10 38
269 15 123
269 65 84
269 67 126
270 53 267
270 80 661
271 18 8
271 19 31
271 443 16
271 469 47
271 491 81
272 115 18
272 132 328
272 134 244
272 194 45
272 248 98
273 10 34
273 30 341
273 50 69
273 74 124
273 170 8
273 183 23
273 199 10
273 206 12
273 248 604
273 251 46
273 252 277
273 253 177
273 255 125
274 43 157
274 55 343
274 58 297
274 94 45
274 127 33
274 163 3
274 169 183
274 181 497
274 237 101
274 240 663
274 243 17
274 291 72
274 347 19
274 362 31
274 465 391
275 8 1460
275 13 4588
275 18 2449
275 40 1073
275 59 6881
275 75 1344
275 80 1314
275 117 7423
275 128 1815
275 137 1599
275 163 1170
275 185 4328
275 194 1237
275 199 446
275 207 282
275 208 3255
275 237 2292
275 347 2242
275 429 91
275 435 545
276 20 636
276 107 683
276 125 1029
276 163 139
276 191 87
276 195 271
276 375 77
276 431 51
276 489 124
277 14 1954
277 19 704
277 49 104
277 54 913
277 55 46
277 69 35
277 73 2247
277 91 337
277 101 11
277 121 28
277 126 216
277 151 159
277 186 67
277 196 1010
277 206 198
277 208 12
277 240 189
277 281 165
277 291 90
277 354 356
277 355 120
277 393 437
277 443 67
277 444 61
277 457 811
277 482 681
278 8 25
278 13 72
278 15 183
278 32 10
278 51 138
278 81 1006
278 89 79
278 117 47
278 131 24
278 132 594
278 189 37
278 192 99
278 197 52
278 230 468
278 312 34
278 330 285
279 59 7
280 103 84
281 3 45
281 10 24
281 32 65
281 37 289
281 55 350
281 96 228
281 168 10
281 189 37
282 8 263
282 17 804
282 37 373
282 43 2246
282 49 3596
282 55 1589
282 56 4375
282 57 891
282 67 2890
282 97 833
282 161 889
282 169 7639
282 178 970
282 199 95
282 215 503
282 240 6
282 250 1259
282 316 160
282 328 343
282 334 35
282 339 339
282 341 100
282 423 314
282 486 1040
282 541 84
283 8 50
283 22 109
283 29 37
283 81 18
283 132 25
283 160 28
284 26 12
284 44 301
284 64 93
284 201 45
284 488 230
285 8 91
285 15 153
285 92 73
285 109 145
285 121 92
285 127 236
285 168 140
285 169 48
285 218 667
285 260 270
285 276 634
285 278 497
285 323 28
285 379 11
285 386 63
285 387 3
285 400 12
285 411 23
285 483 35
285 532 290
286 10 86
287 12 332
287 13 2904
287 17 254
287 18 1203
287 19 6005
287 20 1452
287 59 1131
287 60 259
287 82 3535
287 93 3720
287 106 10516
287 107 1176
287 171 92
287 195 423
287 249 1412
287 289 159
287 325 1620
287 358 8185
287 392 218
287 396 267
287 442 23
288 3 27
288 75 15
289 25 20
290 3 136
290 7 681
290 10 1389
290 11 134
290 12 20
290 16 25
290 20 6
290 22 974
290 25 32
290 26 232
290 27 333
290 28 104
290 30 137
290 53 20
290 68 403
290 69 249
290 70 291
290 82 323
290 91 162
290 95 641
290 109 118
290 114 121
290 121 367
290 125 146
290 135 580
290 137 12
290 138 622
290 177 7
290 179 215
290 180 338
290 182 2941
290 183 648
290 184 81
290 186 854
290 187 81
290 189 77
290 193 118
290 198 318
290 208 2939
290 213 16
290 214 6
290 227 183
290 228 440
290 232 124
290 233 7
290 237 728
290 241 2070
290 248 3
290 251 1253
290 252 704
290 289 700
290 294 587
290 304 990
290 313 1232
290 331 31
290 333 1170
290 335 466
290 337 981
290 367 257
290 378 69
290 384 464
290 390 7
290 406 698
290 460 490
290 464 178
290 476 252
290 513 1521
290 524 290
290 528 432
290 529 603
291 12 256
291 29 186
291 48 74
291 60 124
291 82 23
291 87 57
291 101 567
291 149 186
291 249 56
291 252 29
292 301 86
292 423 230
293 193 440
294 137 392
294 182 94
294 273 22
295 92 119
295 101 20
295 181 10
295 194 36
295 416 48
296 194 19
296 393 105
296 462 97
297 14 46
297 19 286
297 51 832
297 72 15
297 73 92
297 91 21
297 93 18
297 154 198
297 183 101
297 188 178
297 204 37
297 354 121
297 393 358
297 396 1284
298 12 3880
298 19 22
298 29 24
298 36 615
298 49 2073
298 69 116
298 70 153
298 101 67
298 111 288
298 115 186
298 125 2291
298 175 323
298 386 213
298 465 22
298 482 137
298 531 108
299 16 241
299 57 286
299 81 13
299 193 161
299 195 83
299 198 49
299 498 95
299 534 168
300 10 980
300 19 131
300 73 1127
300 91 109
300 122 104
300 151 130
300 208 126
300 213 245
300 257 856
300 308 14
300 345 174
300 358 48
301 28 263
301 81 149
301 420 646
302 88 104
302 502 400
303 3 51
303 189 35
304 13 46
304 60 133
304 82 55
304 201 11
304 289 300
304 312 20
304 501 175
305 51 103
305 271 190
306 2 3
306 6 202
306 13 97
306 16 75
306 17 122
306 18 44
306 24 8
306 27 6
306 43 115
306 69 43
306 127 61
306 131 51
306 193 6
306 196 24
306 251 140
306 488 36
307 3 33
307 10 32
307 189 24
308 4 20
308 51 128
308 199 80
308 329 41
308 345 764
309 121 1138
309 208 221
310 8 6
311 3 738
311 10 211
311 15 79
311 59 177
311 75 237
311 115 105
311 121 20
311 165 450
311 273 122
311 291 84
311 345 39
311 352 102
311 428 7
312 10 264
312 53 185
312 72 246
312 202 804
312 238 117
312 355 257
312 366 130
312 368 210
313 10 178
313 24 1451
313 27 150
313 37 126
313 50 104
313 53 114
313 59 34
313 75 1479
313 122 150
313 194 31
314 18 50
314 19 101
314 82 127
314 193 149
314 226 32
314 239 15
314 444 31
315 72 131
316 7 624
316 13 1045
316 19 426
316 24 158
316 27 69
316 37 272
316 49 38
316 72 240
316 93 122
316 193 1231
316 362 472
316 422 272
317 14 6
317 24 1587
317 27 280
317 50 108
317 75 852
317 194 19
318 194 25
318 265 391
319 10 284
319 12 213
319 13 38
319 15 38
319 16 91
319 18 256
319 20 38
319 35 398
319 75 137
319 82 46
319 101 38
319 115 77
319 117 186
319 128 188
319 131 152
319 132 161
319 135 38
319 164 17
319 175 859
319 182 87
319 191 56
319 194 27
319 199 38
319 201 22
319 208 38
319 237 38
319 291 38
319 312 124
319 386 38
319 443 38
320 70 64
320 312 6
321 19 660
321 44 192
321 48 87
321 49 419
321 51 27
321 86 381
321 93 622
321 101 412
321 191 1283
321 201 427
321 229 92
321 385 114
321 457 1351
321 488 151
322 7 36
322 68 462
322 82 119
322 91 288
322 239 584
322 369 134
322 411 1239
323 8 1075
323 12 613
323 16 1850
323 20 2862
323 43 526
323 82 2950
323 91 72
323 107 421
323 123 628
323 125 1537
323 131 385
323 132 113
323 185 748
323 278 131
323 295 1724
323 301 326
323 319 2191
323 403 3659
323 495 826
323 539 24
323 550 169
323 552 212
324 45 25
325 12 3721
325 13 8072
325 16 68
325 19 1128
325 20 183
325 43 989
325 54 3347
325 57 590
325 58 538
325 62 2608
325 78 405
325 94 243
325 113 1722
325 178 223
325 250 432
325 289 425
325 294 937
325 316 90
325 353 2272
325 427 682
325 428 74
325 472 443
326 19 129
326 93 36
326 122 247
326 132 24
326 176 24
326 208 45
326 313 15
326 386 84
327 12 172
327 13 1101
327 16 8
327 18 621
327 20 628
327 44 835
327 60 237
327 62 639
327 64 739
327 69 1064
327 78 334
327 97 149
327 102 511
327 107 435
327 127 4
327 128 74
327 170 640
327 175 197
327 204 72
327 208 381
327 229 491
327 244 419
327 255 74
327 281 66
327 289 1633
327 292 41
327 323 63
327 377 94
327 385 40
327 387 42
327 403 85
327 430 96
327 453 777
327 465 99
327 489 2350
328 12 56
329 10 32
329 59 274
329 141 371
329 151 402
329 265 95
329 366 179
330 4 205
330 7 7
330 13 584
330 19 87
330 34 244
330 35 146
330 42 197
330 50 794
330 75 290
330 85 138
330 121 83
330 193 229
330 238 313
330 245 522
330 248 50
330 297 127
330 308 241
330 500 224
331 10 25
331 75 16
331 141 25
331 194 50
331 202 58
331 362 49
331 497 176
331 498 211
332 7 882
332 13 34
332 31 483
332 47 341
332 48 188
332 68 1288
332 85 982
332 92 362
332 101 36
332 121 84
332 141 665
332 152 2446
332 156 433
332 164 1425
332 178 148
332 221 101
332 275 126
332 291 155
332 347 44
332 415 171
332 443 902
332 461 101
332 465 11
332 477 1431
332 488 788
333 49 123
333 67 2147
333 97 122
333 169 715
333 199 137
333 250 32
333 423 79
333 486 157
334 10 41
334 15 7
334 16 46
334 193 55
334 197 98
334 218 39
334 239 8
334 345 163
335 10 26
335 12 961
335 25 180
335 48 158
335 49 514
335 101 280
335 149 107
335 172 49
336 3 103
336 161 86
336 188 82
336 201 692
336 237 70
336 315 224
337 101 189
337 407 89
337 526 68
338 2 529
338 30 1260
338 31 655
338 37 654
338 43 169
338 49 78
338 58 111
338 91 48
338 96 723
338 123 220
338 168 115
338 198 93
338 308 21
338 381 168
338 384 22
338 475 167
338 508 7
339 52 921
339 91 23
339 92 120
339 109 95
339 115 127
339 141 81
339 164 810
339 237 321
339 258 470
340 11 66
340 13 439
340 18 104
340 19 127
340 69 3365
340 186 276
340 226 26
340 239 254
340 251 2414
340 271 85
341 2 92
341 22 5
341 75 15
342 49 276
342 70 18
342 84 134
342 87 180
342 163 1160
342 295 80
342 363 283
342 465 179
342 484 43
343 10 289
343 18 1079
343 20 70
343 28 3535
343 62 483
343 82 2687
343 91 31
343 107 107
343 109 3535
343 115 71
343 116 114
343 117 1683
343 120 467
343 131 102
343 141 2074
343 150 109
343 202 150
343 237 255
343 245 41
343 313 45
343 365 23
343 387 623
343 412 95
343 438 883
344 13 73
344 47 19
344 50 2037
344 132 275
344 151 594
344 243 25
344 248 251
345 3 38
345 10 3
345 15 7
346 10 134
346 17 156
346 18 122
346 28 2066
346 61 19
346 62 1134
346 78 96
346 84 62
346 94 77
346 95 946
346 100 33
346 107 72
346 109 5753
346 115 81
346 117 4747
346 119 13
346 120 2253
346 127 169
346 128 78
346 141 1539
346 150 119
346 166 1299
346 167 1535
346 191 41
346 218 108
346 308 84
346 312 40
346 365 801
346 387 388
346 420 300
346 438 2973
346 498 376
346 524 227
346 529 257
347 68 5
347 75 631
347 86 99
347 122 359
347 131 510
347 159 128
347 194 385
347 237 60
347 273 298
347 401 144
348 22 18
349 8 1059
349 13 245
349 15 419
349 22 231
349 93 56
349 131 95
349 151 88
349 186 31
349 191 133
349 204 461
349 218 2865
349 242 782
349 282 64
349 311 27
349 386 37
349 482 57
349 497 168
350 10 49
350 13 36
350 16 67
350 18 280
350 46 116
350 77 28
350 78 390
350 91 39
350 141 331
350 151 85
350 275 6
350 283 85
350 366 36
351 3 425
351 10 132
351 15 9
351 29 201
351 75 65
351 82 87
351 121 29
351 175 305
351 377 185
352 3 12
352 189 30
353 70 193
353 87 37
354 7 73
354 48 3153
354 70 47
354 82 147
354 239 63
354 260 94
354 269 376
354 291 615
354 347 137
354 356 134
354 471 102
355 352 217
355 440 17552
356 9 30
356 10 2
356 13 105
356 59 44
357 25 142
357 378 2359
358 12 2538
358 13 1109
358 17 2304
358 20 2175
358 59 2934
358 82 3430
358 93 1165
358 101 2017
358 103 201
358 107 25474
358 123 249
358 195 3250
358 283 685
358 289 77
358 317 17
358 364 1619
358 392 80
358 412 26
358 425 605
359 29 44
359 520 5
360 12 544
360 13 321
360 87 486
360 93 437
360 95 343
360 225 524
360 367 172
360 392 87
360 394 65
360 408 1813
360 434 428
360 482 41
361 13 12
361 63 3
361 252 32
362 3 708
362 12 1511
362 20 807
362 29 1070
362 92 130
362 164 625
362 166 741
362 189 71
362 199 8
362 319 66
362 355 4134
362 418 72
362 443 1015
362 477 193
362 489 425
363 13 33
363 18 12
363 22 10
363 24 358
363 36 18
363 69 47
363 78 89
363 85 14
363 91 130
363 128 21
363 156 2
363 160 6
363 175 46
363 186 216
363 208 9
363 261 21
363 303 122
363 324 2
363 377 54
364 431 15
365 3 6
366 403 286
367 13 215
368 5 52
368 13 19
368 25 131
368 47 172
368 60 16
368 74 440
368 87 26
368 102 84
368 103 13
368 149 16
368 249 361
368 291 183
368 350 9
369 68 31
369 91 48
369 122 48
369 192 36
369 266 159
369 281 75
370 43 24
370 57 3
370 127 9
370 250 322
370 313 86
370 412 17
370 460 68
371 10 195
371 175 12
371 298 796
371 373 31
372 13 197
372 60 193
372 91 36
372 96 350
372 141 694
372 168 60
372 311 47
372 325 193
372 377 124
373 15 153
373 78 94
373 102 213
373 109 40
373 131 90
373 208 68
373 214 74
373 274 81
373 276 67
373 278 65
373 323 18
373 387 500
373 388 136
373 399 39
373 412 15
373 491 119
374 14 76
374 18 59
374 19 84
374 20 2508
374 41 874
374 107 865
374 109 1301
374 128 26
374 218 109
374 308 13
374 320 241
374 438 65
374 529 12
375 122 973
375 199 188
375 208 111
375 266 2730
375 273 310
375 281 580
375 334 226
375 423 1466
376 36 2824
376 82 378
376 115 160
377 2 18
377 8 738
377 10 525
377 12 496
377 13 95
377 15 568
377 18 15
377 19 2508
377 35 673
377 51 66
377 55 862
377 59 39
377 69 56
377 82 16
377 91 887
377 92 31
377 93 561
377 125 30
377 131 611
377 135 496
377 179 183
377 180 75
377 181 93
377 182 83
377 183 39
377 184 9
377 185 535
377 186 534
377 188 55
377 189 18
377 193 504
377 198 515
377 211 836
377 223 500
377 241 28
377 251 496
377 252 524
377 308 496
377 311 36
377 331 570
377 333 496
377 378 512
377 464 5
377 528 496
377 535 22
378 2 20
378 10 12
378 13 38
378 25 65
378 49 21
378 51 11
378 55 53
378 91 57
378 93 157
378 95 4
378 125 15
378 131 44
378 138 23
378 179 43
378 182 28
378 183 35
378 184 19
378 186 8
378 187 11
378 188 26
378 189 29
378 198 41
378 211 102
378 223 391
378 224 43
378 313 77
378 367 40
378 378 523
379 51 265
379 183 23
379 186 76
379 251 3
380 18 112
380 85 71
380 93 260
380 126 35
380 130 46
380 167 909
380 204 150
380 225 218
380 243 260
380 261 112
380 291 132
380 334 76
380 361 384
380 362 49
380 379 1019
381 41 264
381 76 363
381 78 20
381 82 4320
381 83 76
381 91 220
381 92 71
381 103 4044
381 115 277
381 126 28
381 190 58
381 252 1283
381 333 2303
381 363 233
381 364 1904
381 389 185
381 399 287
381 408 588
381 476 718
381 529 178
381 530 84
382 75 49
382 183 263
382 194 116
382 251 57
382 482 193
383 59 119
383 75 84
383 82 45
383 116 51
383 125 408
383 161 225
383 194 34
383 407 32
384 225 237
384 361 66
384 392 190
384 408 1071
385 109 4187
385 141 744
386 16 32
387 13 24
388 28 22
388 47 60
389 10 556
389 16 25
389 18 55
389 24 60
389 29 535
389 53 70
389 67 135
389 82 536
389 87 605
389 91 821
389 110 259
389 118 76
389 126 38
389 153 252
389 237 42
389 274 31
389 291 163
389 295 100
389 306 216
389 334 87
389 345 55
389 364 134
389 367 31
389 379 298
389 386 177
389 387 241
389 412 15
389 474 61
389 485 195
389 486 122
389 487 6
389 516 43
390 19 574
390 36 373
390 84 1271
390 237 145
390 257 1948
390 303 1406
390 341 550
390 362 1343
390 367 10
390 419 873
390 465 7
391 28 86
392 3 853
392 4 9
392 10 352
392 15 108
392 76 175
392 132 399
392 159 141
392 185 242
392 186 68
392 188 54
392 189 58
392 197 76
392 208 73
392 230 287
392 237 585
392 291 57
392 293 108
392 386 479
392 438 12
392 533 151
393 125 1499
393 199 234
393 206 11
394 16 186
394 38 19
394 236 191
395 4 1050
395 29 71
395 140 3
395 227 766
395 313 15
395 342 267
395 351 45
396 155 1402
396 178 2691
396 356 259
397 10 3
397 16 141
397 18 42
397 19 145
397 20 91
397 53 7
397 91 32
397 107 303
397 137 66
397 208 3
398 8 53
398 15 69
398 59 56
398 107 354
398 141 102
398 366 47
399 24 1419
399 37 77
399 155 4
399 193 459
399 226 4
399 240 31
399 271 152
399 289 123
399 381 191
399 383 229
400 9 37
400 19 151
400 20 31
400 175 164
401 16 98
401 20 544
401 27 40
401 99 106
401 126 92
401 194 169
401 269 61
401 291 213
401 306 96
401 334 317
401 345 1503
401 364 16
401 379 15
401 385 188
401 392 128
401 485 22
401 486 6
401 487 27
401 516 34
402 9 104
403 10 5
403 11 6
403 19 165
404 8 658
404 12 612
404 16 872
404 20 1542
404 59 830
404 60 619
404 62 70
404 75 675
404 101 257
404 107 5054
404 125 911
404 131 728
404 152 375
404 163 635
404 171 196
404 194 311
404 202 1069
404 218 650
404 233 336
404 237 399
404 274 106
404 278 457
404 286 490
404 317 446
404 323 350
404 325 30
404 335 581
404 364 811
404 414 349
404 451 693
404 470 405
404 475 453
404 492 44
405 16 23
405 19 443
405 32 104
405 93 132
405 103 27
405 243 804
405 421 79
405 526 83
406 526 153
407 73 208
407 82 1617
407 84 234
407 92 23
407 96 8
407 113 1894
407 208 15
407 288 34
407 319 5495
407 322 990
408 12 2055
408 75 27
408 101 170
408 102 21
408 152 389
408 163 99
408 169 1412
408 173 67
408 195 38
408 275 571
408 295 183
408 364 648
408 387 224
408 415 299
408 540 24
408 541 338
409 59 1292
409 121 139
409 122 329
409 208 198
410 3 217
410 28 126
410 87 4
410 135 21
410 238 40
411 110 676
411 166 805
411 328 525
412 37 22
412 53 18
412 99 84
412 318 84
413 10 198
413 13 10
413 34 106
413 68 239
413 82 456
413 128 100
413 159 337
413 171 17
413 350 1
413 357 5
413 365 351
413 399 201
413 436 11
413 526 243
413 531 74
414 92 319
415 31 54
415 59 45
415 118 163
415 135 97
416 8 20
416 39 2
416 75 50
416 199 139
417 11 5
418 10 4
418 38 32
418 114 8
419 10 161
419 12 1385
419 13 134
419 91 91
419 104 528
419 110 54
419 135 575
419 186 184
419 199 27
419 220 29
419 253 45
419 281 47
419 329 36
419 338 528
420 41 1009
420 121 204
420 151 402
420 226 632
420 475 66
421 7 3
421 20 498
421 133 21
421 192 193
421 301 57
421 325 155
422 7 13
422 17 162
422 49 1974
422 56 37
422 58 475
422 68 511
422 81 1212
422 178 20
422 191 123
422 250 1141
422 273 90
422 305 63
422 316 114
422 328 1017
422 362 484
422 369 257
422 370 2617
422 371 5713
423 18 309
423 41 124
423 46 396
423 87 197
423 98 501
423 100 1653
423 106 113
423 139 192
423 319 69
423 323 310
424 12 68
424 50 177
424 368 35
424 444 159
424 445 35
425 185 158
426 218 67
427 22 182
427 186 142
428 8 141
428 10 156
428 122 83
428 131 62
428 379 24
428 390 42
428 394 130
428 395 133
429 98 29
429 249 708
429 314 116
429 359 57
430 36 223
430 72 114
430 396 500
431 12 4462
431 115 75
431 282 18
431 391 1701
431 475 1708
431 526 28
432 12 230
432 59 222
432 72 179
432 103 80
432 135 1546
432 136 146
432 325 469
432 326 639
433 3 193
433 16 535
433 91 118
433 103 35
433 117 253
433 152 230
433 201 681
434 20 175
434 36 149
434 86 55
434 109 445
434 151 76
434 208 37
434 313 35
434 362 6
434 367 2
434 393 3
434 498 24
435 8 43
435 21 254
435 22 32
435 37 162
435 43 672
435 50 163
435 57 167
435 76 61
435 93 180
435 136 17
435 182 64
436 2 240
436 19 4796
436 22 22
436 68 106
436 208 5
437 8 12
437 15 6
437 16 14
437 93 82
437 121 53
437 123 30
437 135 124
437 151 736
437 211 48
437 272 26
437 283 95
437 348 57
437 526 14
437 531 32
438 13 212
438 19 86
438 74 349
438 93 215
438 262 168
438 273 33
438 367 234
438 392 167
438 408 166
439 15 15
439 22 16
440 81 506
440 107 186
440 305 376
440 384 40
440 519 18
441 10 783
441 37 933
441 43 1839
441 51 525
441 56 1396
441 57 2251
441 59 1686
441 86 21
441 96 334
441 98 25
441 117 595
441 123 288
441 169 5489
441 191 2987
441 193 436
441 201 426
441 218 2197
441 232 1820
441 242 325
441 257 910
441 265 1419
441 269 433
441 296 3844
441 315 434
441 320 44
441 362 341
441 378 1685
441 383 40
441 423 1328
441 457 3463
441 486 3
441 488 1871
441 490 99
442 102 61
443 11 117
443 48 7
443 59 33
443 72 76
444 8 80
445 82 289
445 86 22
445 131 10
446 75 9
446 76 60
446 194 10
446 305 79
447 75 2049
447 82 684
447 86 1149
447 93 130
447 122 292
447 192 499
447 273 1142
447 291 1448
447 362 4
447 518 187
447 524 707
448 91 23
448 175 25
448 245 218
449 12 261
450 13 110
450 14 749
450 19 40
450 32 634
450 33 30
450 73 603
450 91 112
450 183 235
450 196 43
450 354 24
451 72 396
451 111 62
452 43 927
452 71 98
452 118 513
452 181 7
452 288 175
452 376 19
452 383 101
452 497 11
453 194 12
454 12 41
454 18 15
454 75 24
454 87 125
454 98 552
454 139 18
454 323 9
455 2 10
455 7 140
455 13 26
455 16 381
455 22 155
455 40 13
455 75 288
455 103 288
455 193 1279
455 194 172
455 297 226
455 301 1163
455 315 346
455 402 58
455 422 131
455 467 94
456 59 29
457 493 104
458 474 8
459 241 75
460 8 79
460 63 418
460 152 100
460 155 57
460 193 69
460 194 132
460 199 46
460 226 49
460 239 155
460 284 43
461 12 1269
461 24 634
461 87 175
461 122 344
461 135 69
461 295 387
462 8 1203
462 16 928
462 43 41
462 63 505
462 92 376
462 173 1657
462 194 205
462 312 53
463 20 238
463 43 25
463 107 635
463 163 293
463 178 853
463 267 154
463 295 41
463 317 284
463 364 1129
463 386 127
463 392 206
464 155 167
464 193 53
464 226 97
464 281 178
464 356 2770
464 414 4909
464 506 147
465 3 349
465 13 794
465 15 61
465 19 190
465 35 1791
465 128 124
465 132 441
465 191 111
465 193 383
465 297 85
465 301 406
465 355 775
465 500 188
465 501 34
465 505 41
465 511 85
465 513 578
466 32 280
466 43 28
466 49 73
466 54 364
466 101 402
466 154 469
466 163 371
466 178 431
466 185 132
466 219 191
466 232 444
466 245 318
466 281 188
466 301 302
466 313 109
466 322 1379
466 323 452
466 375 326
466 385 127
466 386 112
466 387 1038
466 513 263
467 81 163
467 252 69
467 297 13
468 24 3185
468 79 70
468 126 134
468 150 636
468 191 2235
468 218 399
468 232 621
468 311 1210
468 486 236
469 193 111
470 17 1252
470 52 141
470 66 79
470 85 349
470 92 40
470 110 41
470 117 48
470 155 249
470 164 611
470 233 58
470 237 95
470 396 28
470 431 63
470 443 940
470 512 184
471 50 6
471 59 192
472 131 133
472 282 23
473 36 2295
473 82 970
473 107 566
473 125 65
473 205 167
473 273 469
473 305 500
473 389 174
473 407 245
474 13 203
475 90 105
476 10 13
476 119 103
476 131 243
477 16 13
477 377 125
477 389 238
477 451 32
478 24 5159
478 191 15
479 68 74
479 243 3
480 82 54
480 458 36
481 19 10
482 12 418
482 17 1872
482 20 444
482 101 360
482 106 36
482 152 354
482 154 31
482 195 1145
482 241 17
482 245 389
482 278 83
482 289 386
482 379 174
482 403 176
482 443 350
482 496 11
483 11 9
483 70 59
483 71 75
483 100 155
483 496 31
484 407 127
485 15 65
485 51 34
485 115 25
486 10 18
486 47 18
486 60 70
486 96 10
486 168 10
487 8 63
487 13 30
487 47 259
487 117 27
487 170 240
488 13 22
488 47 118
488 135 1728
488 136 56
488 170 33
488 326 25
489 10 6
489 13 32
489 19 47
489 28 11
489 32 100
489 59 36
490 12 734
491 2 215
491 8 45
491 37 214
491 47 71
491 135 160
491 282 29
491 311 130
491 441 3
492 295 186
492 304 1403
493 11 79
493 13 547
493 18 35
493 19 37
494 63 56
495 68 45
495 72 196
495 76 42
495 136 12
495 206 49
495 245 171
495 313 49
495 524 2
496 89 274
497 160 16
498 10 268
498 12 334
498 15 85
498 16 166
498 118 997
498 135 517
498 137 103
499 14 34
499 19 22
499 33 59
499 73 17
499 91 10
499 354 76
500 501 68
501 7 28
501 13 417
501 16 692
501 32 276
501 49 441
501 70 119
501 76 336
501 93 45
501 100 517
501 115 145
501 252 1323
501 316 10
501 348 102
502 43 237
502 52 47
502 199 28
503 22 74
503 68 44
503 69 32
503 91 81
503 186 44
503 218 60
503 281 65
504 10 78
504 49 83
504 59 202
504 132 10
504 183 72
504 208 23
505 8 87
505 89 119
505 98 23
506 10 3
506 22 3
506 38 7
506 93 3
506 135 34
506 155 3
506 186 3
506 193 3
506 208 33
506 226 3
506 383 3
507 444 32
508 11 68
508 20 103
508 35 237
508 75 45
508 103 394
509 408 194
510 11 1443
510 16 136
510 59 950
510 82 103
510 103 162
510 252 924
510 321 409
511 8 65
511 12 126
511 16 87
511 30 273
511 59 107
511 123 305
511 308 11
511 321 40
512 12 117
512 17 690
512 20 211
512 39 3211
512 102 139
512 305 106
512 427 506
513 242 268
514 18 39
514 54 178
514 126 78
514 281 20
514 289 67
514 379 89
514 423 104
514 498 146
515 17 28
515 19 1139
515 20 441
515 29 241
515 32 212
515 37 123
515 43 43
515 49 61
515 54 144
515 59 361
515 67 108
515 86 332
515 107 4654
515 117 346
515 178 1225
515 266 65
515 272 59
515 294 113
515 315 114
515 345 106
515 371 46
515 440 1954
515 533 130
516 111 13
517 10 94
517 37 96
517 51 86
517 104 155
517 338 184
517 363 27
518 218 15
519 41 89
519 65 92
519 407 18
519 436 17
520 8 122
520 15 11
520 20 92
520 60 69
520 68 531
520 85 85
520 107 170
520 121 189
520 131 364
520 202 69
520 206 124
520 208 153
520 237 174
520 243 50
520 245 76
520 281 318
520 324 75
520 465 169
521 21 428
521 24 371
521 135 75
522 13 44
523 14 28
524 7 464
524 18 35
524 85 106
524 167 6
524 422 90
525 265 50
526 12 1647
526 43 287
526 74 773
526 82 50
526 93 5426
526 387 525
526 391 1671
527 4 498
527 10 465
527 37 455
527 55 220
527 67 493
527 75 73
527 86 167
528 311 373
528 337 187
528 488 156
529 10 64
529 13 108
529 15 107
529 18 293
529 59 149
529 104 158
529 239 646
530 22 10
530 59 88
530 91 33
530 92 254
531 10 7
531 38 23
531 75 9
532 38 27
533 10 175
533 132 220
533 228 191
534 2 89
534 7 18
534 8 918
534 13 65
534 14 775
534 19 109
534 21 423
534 22 352
534 24 98
534 37 1472
534 41 176
534 43 994
534 50 13
534 51 72
534 75 1644
534 93 969
534 110 105
534 133 811
534 151 439
534 186 576
534 194 898
534 208 21
534 220 39
534 261 439
534 423 100
535 3 48
535 106 1085
535 151 480
535 220 15
536 3 1587
536 5 2809
536 10 1163
536 189 741
536 237 869
536 294 3250
536 362 194
536 379 40
536 438 244
536 444 57
536 525 605
536 533 315
537 15 140
537 16 185
537 20 1957
537 90 3712
537 91 111
537 92 757
537 94 544
537 131 321
537 202 192
537 261 20
537 291 748
537 301 17
537 313 73
537 355 256
537 362 57
537 367 118
537 419 197
537 423 430
537 434 57
537 443 68
537 465 39
537 474 84
537 498 483
538 24 3766
538 49 439
538 251 5374
538 255 60
538 286 743
538 294 1315
538 326 346
538 428 158
538 447 118
538 475 1701
538 494 182
539 13 91
539 50 76
539 52 99
539 82 56
539 88 372
539 89 150
539 93 735
539 107 141
539 108 57
539 135 54
539 137 64
539 159 183
539 171 137
539 190 21
539 193 22
539 236 17
539 273 467
539 275 25
539 283 1068
539 290 59
539 303 523
539 304 319
539 334 5
539 372 99
539 388 141
539 396 28
539 547 59
540 10 1602
540 19 113
540 49 1793
540 59 3791
540 96 573
540 137 85
540 265 859
540 352 546
540 362 2600
541 243 12
542 176 69
543 69 10
543 75 135
543 82 1347
543 86 132
543 87 317
543 98 128
543 119 33
543 139 76
543 315 156
543 374 587
543 462 142
544 86 47
545 133 45
545 208 15
545 396 27
545 465 6
546 64 22
546 125 199
546 201 28
546 239 613
546 453 630
546 489 2600
547 199 14
548 104 143
548 252 80
549 3 51
549 4 23
549 29 10
549 75 18
549 101 68
549 104 16
549 199 21
550 164 91
551 91 18
552 135 57
553 21 32
553 35 47
553 138 120
554 15 37
554 20 1643
554 44 447
554 54 779
554 73 262
554 107 263
554 238 230
554 281 108
554 297 74
554 367 98
554 375 34
555 282 3
556 12 1498
556 13 708
556 16 920
556 18 196
556 60 1050
556 70 168
556 75 210
556 76 1330
556 82 2335
556 87 57
556 117 1310
556 134 313
556 167 132
556 185 591
556 194 587
556 201 111
556 208 1667
556 237 689
556 291 170
556 295 347
556 324 232
556 357 794
556 395 210
556 469 90
556 477 250
556 520 88
557 239 93
557 361 1249
558 37 31
559 3 721
559 12 613
559 20 103
559 91 46
559 152 23
560 16 250
560 18 27
560 39 740
560 76 113
560 131 312
561 18 5
561 30 393
561 57 25
561 75 21
561 110 120
561 131 27
561 170 22
561 178 327
561 199 10
562 12 1600
562 13 545
562 20 223
562 34 146
562 82 318
562 356 108
562 387 638
562 407 447
562 493 71
563 8 255
563 20 99
563 40 14
563 63 319
563 91 246
563 121 198
563 176 275
563 208 152
563 238 241
563 318 61
563 355 638
564 151 4649
564 299 151
565 31 177
565 44 51
565 104 1262
565 154 133
565 226 212
565 237 98
565 238 555
565 242 109
565 301 89
565 338 316
565 355 314
565 368 57
565 379 339
565 395 452
565 400 379
565 465 69
565 479 28
565 497 423
565 529 178
565 537 6
566 3 212
566 10 839
566 13 136
566 15 103
566 17 211
566 18 98
566 20 292
566 47 56
566 75 661
566 110 1168
566 121 247
566 122 365
566 137 19
566 192 260
566 194 223
566 202 1091
566 203 34
566 208 199
566 218 549
566 406 36
566 431 16
567 12 279
567 13 114
567 18 1101
567 82 968
567 153 841
567 172 33
567 185 52
567 249 284
567 362 248
567 379 169
567 408 219
567 528 36
568 10 79
568 12 888
568 13 204
568 43 321
568 59 110
568 82 13
568 104 147
568 152 74
568 199 33
568 338 670
569 13 146
569 20 56
569 24 157
569 48 221
569 55 110
569 56 96
569 58 90
569 62 292
569 69 147
569 78 350
569 83 26
569 87 697
569 91 62
569 113 179
569 125 321
569 131 273
569 132 131
569 179 379
569 182 100
569 183 1211
569 185 255
569 187 122
569 188 185
569 189 55
569 196 79
569 209 58
569 220 71
569 223 284
569 224 273
569 232 243
569 241 37
569 249 134
569 289 971
569 291 15
569 308 69
569 311 539
569 352 50
569 367 86
569 372 33
569 373 217
569 377 755
569 385 806
570 10 65
570 12 96
570 14 135
570 32 151
570 33 12
570 41 142
570 51 776
570 75 88
570 93 27
570 101 95
570 121 31
570 128 117
570 153 96
570 163 1372
570 196 180
570 197 886
570 208 19
570 230 178
570 232 89
570 259 131
570 260 404
570 291 23
570 303 145
570 312 35
570 318 24
570 340 439
570 362 19
570 367 233
570 375 90
570 393 1648
570 443 169
570 462 225
570 475 40
570 499 10
571 24 103
571 37 169
571 43 255
571 51 135
571 52 210
571 56 717
571 57 1309
571 81 57
571 96 241
571 117 614
571 169 577
571 191 229
571 237 457
571 251 371
571 257 777
571 265 652
571 296 1095
571 320 236
571 362 381
571 371 118
571 379 328
571 423 405
571 457 857
572 11 43
572 26 13
572 44 274
572 65 590
572 103 411
572 125 27
572 137 95
572 138 107
572 154 86
572 185 94
572 227 3195
572 228 409
572 232 132
572 297 63
572 313 140
572 342 303
572 351 158
572 385 78
572 427 636
572 488 607
573 19 39
573 22 113
573 37 476
573 91 107
573 92 253
573 123 342
573 156 3
573 208 584
573 218 52
573 319 607
574 417 1031
575 7 22
575 10 123
575 22 53
575 47 36
575 49 95
575 59 80
575 119 64
575 231 136
576 128 68
576 435 171
576 444 223
577 210 9
577 214 61
578 176 20
578 379 18
579 13 333
579 201 447
579 212 63
580 93 28
580 101 46
580 108 36
580 150 137
580 163 1373
580 167 59
580 211 604
580 237 364
580 243 500
580 251 1269
580 252 577
581 85 31
581 444 21
582 10 641
582 24 939
582 29 684
582 37 903
582 51 748
582 55 74
582 69 80
582 75 373
582 86 2057
582 98 1151
582 122 504
582 136 201
582 191 556
582 204 1682
582 218 1490
582 232 417
582 242 1211
582 251 2342
582 257 1621
582 265 157
582 269 2155
582 296 367
582 326 562
582 374 477
582 423 97
582 457 185
582 488 66
583 101 30
583 155 49
583 193 12
583 195 145
583 239 37
583 429 14
584 16 13
584 202 28
585 65 120
585 260 20
586 456 39
587 73 48
587 500 26
588 291 122
589 12 1298
589 125 280
589 366 29
589 387 1027
589 391 3357
589 475 236
590 8 299
591 27 11
591 55 2176
591 57 87
591 58 190
591 240 2391
592 64 323
592 85 831
592 125 5208
592 295 1404
592 433 309
592 489 1590
593 76 1108
593 90 137
593 91 148
593 103 415
593 115 532
593 191 463
593 199 13
593 262 175
593 279 49
593 295 824
593 320 331
593 443 1032
593 452 545
593 524 157
594 36 118
594 196 125
594 236 139
594 266 155
594 400 32
594 423 264
595 265 8
596 5 1605
596 16 484
596 20 173
596 37 779
596 99 216
596 107 741
596 110 4406
596 121 317
596 242 341
596 264 523
596 291 206
596 305 752
596 316 272
596 317 225
596 388 77
597 49 57
597 52 633
597 67 54
597 79 495
597 91 253
597 94 24
597 117 334
597 122 58
597 125 1561
597 126 59
597 169 341
597 179 25
597 192 195
597 206 72
597 237 124
597 261 38
597 266 2049
597 334 176
597 341 141
597 345 5029
597 352 18
597 362 328
597 376 144
597 411 191
597 423 1199
597 443 218
597 475 140
597 498 279
597 525 2039
598 10 26
598 265 592
598 412 34
599 104 66
599 338 121
600 16 181
600 20 439
600 110 506
600 152 2060
600 163 587
600 197 183
600 230 161
600 252 73
600 315 567
600 317 873
600 335 585
600 345 77
600 427 40
600 443 265
600 477 1161
601 12 521
601 13 309
601 18 162
601 109 24
601 131 17
601 141 614
601 199 167
601 270 117
602 7 17
602 20 57
602 39 57
602 54 57
602 85 113
602 107 378
602 110 933
603 49 1738
603 58 620
603 152 393
603 181 816
603 269 1625
603 317 44
603 325 57
603 335 740
603 337 282
603 391 3655
603 477 17
603 488 251
603 526 38
603 531 734
604 13 105
604 14 109
604 49 501
604 53 238
604 58 180
604 70 43
604 75 114
604 82 433
604 98 385
604 126 216
604 152 95
604 288 270
604 356 30
604 400 1053
604 424 479
605 123 445
605 262 61
605 295 72
606 17 387
606 42 60
606 44 553
606 54 127
606 66 360
606 72 153
606 82 186
606 110 135
606 237 359
606 245 180
606 314 109
606 361 67
606 403 549
607 12 1227
607 20 1417
607 32 119
607 101 139
607 137 18
607 150 1321
607 152 1704
607 199 56
607 403 467
607 415 507
607 443 1088
607 477 587
608 10 833
608 12 890
608 20 285
608 39 881
608 87 1332
608 101 1179
608 109 478
608 117 3048
608 122 109
608 127 477
608 131 121
608 141 2799
608 152 659
608 163 2949
608 169 484
608 173 652
608 185 691
608 196 769
608 208 148
608 233 644
608 237 151
608 262 418
608 263 2014
608 267 124
608 275 4651
608 276 217
608 278 43
608 295 1720
608 300 29
608 317 222
608 323 708
608 362 297
608 373 306
608 379 244
608 387 496
608 402 336
608 415 290
608 434 207
608 438 356
608 441 78
608 443 696
608 475 626
608 477 1012
608 483 289
608 488 175
608 498 203
608 524 401
609 159 951
610 8 106
610 13 40
610 33 220
610 75 117
610 76 174
610 112 64
610 173 779
610 194 101
610 199 17
610 488 473
611 43 17
611 183 275
611 192 106
611 238 11
611 240 33
611 248 12
611 258 114
611 261 267
611 301 272
611 313 251
611 345 31
611 379 315
611 395 138
611 400 37
611 513 132
612 59 339
612 75 325
612 97 222
612 107 1612
612 134 63
612 152 880
612 194 132
612 288 947
612 302 56
612 345 719
612 348 31
612 357 511
612 371 862
613 459 20
614 336 131
615 243 200
616 10 202
616 15 83
616 20 123
616 70 56
616 75 149
616 107 257
616 194 13
616 237 94
617 10 520
617 19 17
617 82 37
617 91 104
617 101 66
617 117 26
617 122 370
617 128 297
617 129 236
617 132 110
617 172 15
617 193 95
617 237 45
617 274 48
617 291 69
617 298 989
617 303 18
617 311 139
617 326 104
617 362 27
617 373 458
617 482 4
618 13 136
618 18 18
618 91 141
618 94 675
618 100 703
618 103 2982
618 220 166
618 289 163
618 365 2387
619 10 25
619 20 60
619 22 38
619 62 55
619 75 36
619 104 262
619 117 53
619 132 135
619 186 567
619 194 146
619 199 7
619 202 97
619 207 51
619 208 4
619 238 68
619 253 58
619 292 4
619 324 49
619 338 277
619 363 299
620 12 690
620 101 390
620 152 3250
620 154 266
620 191 147
620 199 64
620 443 114
621 37 13
621 43 173
621 52 59
621 115 10
621 123 324
621 175 47
621 218 71
621 251 161
621 253 54
622 20 78
622 107 356
622 239 318
622 339 318
622 356 35
622 364 290
622 540 47
622 541 278
623 12 260
623 16 182
623 58 1069
623 75 128
623 86 331
623 98 179
623 123 211
623 163 43
623 171 368
623 196 353
623 199 10
623 240 98
623 263 129
623 279 176
623 291 123
624 2 2391
624 12 127
624 13 49
624 51 385
624 160 369
624 204 751
624 227 239
624 231 141
624 261 49
624 312 64
624 385 3841
624 416 758
625 16 260
625 20 2941
625 59 1252
625 75 2837
625 86 392
625 98 1943
625 121 1949
625 137 44
625 152 401
625 155 213
625 163 2196
625 185 2205
625 191 2139
625 230 736
625 237 2369
625 239 1146
625 291 675
625 317 409
625 320 283
625 347 693
625 362 1081
625 364 3727
625 374 352
625 453 792
625 475 1256
625 477 376
625 489 468
626 10 2223
626 12 415
626 13 1713
626 15 79
626 17 863
626 73 27
626 79 24
626 82 1568
626 87 9
626 91 475
626 95 355
626 103 2007
626 122 529
626 128 846
626 185 1471
626 187 142
626 218 996
626 237 342
626 238 76
626 252 1665
626 273 737
626 274 229
626 291 1390
626 298 2189
626 333 38
626 362 42
626 373 1228
626 426 84
627 31 391
628 10 219
628 12 1525
628 59 47
628 75 1413
628 101 532
628 152 75
628 164 2122
628 199 14
628 275 873
628 295 652
628 338 230
629 41 2298
629 48 1140
629 56 5574
629 67 1759
629 68 698
629 73 244
629 121 321
629 170 16
629 198 161
629 257 3596
629 294 324
629 354 123
629 381 149
629 423 3134
629 443 327
629 483 713
630 12 1735
630 16 29
630 20 1678
630 36 270
630 97 69
630 101 641
630 107 14
630 110 939
630 125 164
630 152 5787
630 178 301
630 195 3918
630 317 346
630 345 1354
630 425 470
630 427 221
630 461 28
630 477 2150
631 8 17
631 19 27
631 37 34
631 43 20
631 91 85
631 96 105
631 121 36
631 128 36
631 131 24
631 168 84
631 185 72
631 186 52
631 347 80
631 378 329
631 479 61
631 480 30
631 481 181
632 19 118
632 22 428
632 78 456
632 87 39
632 105 46
632 118 2991
632 128 71
632 257 945
632 294 106
632 312 176
632 446 241
632 532 249
633 10 63
633 76 19
633 252 118
633 298 573
633 410 237
634 10 303
634 41 895
634 73 514
634 94 898
634 95 115
634 107 31
634 208 105
634 291 45
634 298 1499
634 354 74
634 367 55
634 373 854
635 68 363
635 75 35
635 154 38
635 194 6
635 291 31
635 315 141
636 10 34
636 98 121
636 133 43
636 208 14
637 14 174
637 35 115
637 68 115
637 137 22
637 160 46
637 426 115
637 443 211
637 497 46
638 19 99
638 175 56
638 181 22
638 237 207
638 243 166
639 454 41
640 261 64
641 20 192
641 75 87
641 194 99
641 288 98
641 451 233
641 462 31
642 231 11
643 327 122
644 10 17
644 131 19
644 207 57
644 274 28
644 313 58
644 326 115
644 330 41
645 92 33
646 75 16
646 360 96
647 150 195
647 199 15
647 219 43
647 252 108
648 10 101
648 75 292
648 175 200
648 194 109
648 273 398
648 388 13
649 102 13
649 195 22
649 322 48
650 17 60
650 19 28
650 43 3684
650 46 2469
650 55 9
650 57 3618
650 62 2413
650 79 1256
650 81 809
650 94 620
650 122 173
650 131 1465
650 169 771
650 218 543
650 232 345
650 237 69
650 258 402
650 261 59
650 289 1403
650 301 72
650 308 1510
650 345 5279
650 352 426
650 362 375
650 376 4
650 385 844
650 411 2648
650 443 195
650 475 1316
650 498 685
651 46 1374
651 58 25
651 62 1283
651 68 139
651 79 53
651 82 149
651 91 314
651 94 292
651 122 172
651 131 697
651 166 157
651 169 302
651 218 40
651 237 74
651 239 381
651 289 294
651 301 49
651 308 20
651 331 14
651 345 2160
651 352 265
651 362 94
651 365 41
651 376 58
651 411 367
651 475 97
651 498 44
651 525 55
652 12 805
652 358 5372
653 131 110
653 132 176
653 192 379
653 196 310
653 329 58
653 330 329
654 488 144
655 37 120
656 393 23
657 47 129
657 49 439
657 72 413
657 74 341
657 75 1227
657 94 77
657 101 304
657 103 634
657 139 122
657 178 109
657 188 217
657 194 324
657 208 40
657 289 112
657 316 271
657 358 183
657 361 187
657 362 928
657 369 195
657 446 225
657 475 59
657 492 102
657 498 1529
657 545 22
658 52 167
658 58 22
658 83 28
658 87 144
658 88 62
658 107 212
658 208 47
658 239 36
658 253 70
658 291 834
658 303 195
658 323 21
658 346 551
658 388 65
658 444 20
658 509 72
659 229 41
659 482 37
660 17 140
660 49 139
660 54 167
660 115 174
660 131 15
660 190 32
660 250 780
660 252 432
660 291 492
660 306 104
660 324 65
660 334 116
660 348 266
660 356 46
660 369 156
660 370 1493
660 379 97
660 396 723
660 402 12
660 405 165
660 406 84
660 410 225
660 451 151
661 3 236
661 4 258
661 8 258
661 10 258
661 33 236
661 35 258
661 36 258
661 38 258
661 40 236
661 53 258
661 66 258
661 68 25
661 74 387
661 89 258
661 228 258
661 249 258
661 298 258
661 384 38
662 353 27
663 8 122
663 13 96
663 82 60
663 128 36
663 207 61
663 377 88
664 16 58
664 18 62
664 76 88
664 137 67
664 151 348
664 208 33
664 358 17
665 70 29
666 81 61
666 273 80
667 313 20
667 389 87
667 486 14
667 525 158
668 252 48
669 75 174
670 24 566
670 75 60
670 194 13
670 298 328
670 312 42
671 59 2614
671 65 175
671 76 180
671 82 273
671 238 202
671 252 18
671 291 116
671 407 643
671 512 43
672 75 28
672 82 143
672 103 22
672 150 92
672 159 139
672 194 20
672 237 87
672 239 38
672 291 38
672 373 27
673 95 84
673 291 40
673 347 106
673 379 33
674 31 60
674 58 37
674 83 127
674 91 68
674 92 230
674 133 55
674 150 475
674 252 291
674 331 35
674 341 82
674 353 107
674 395 184
675 186 28
675 378 264
675 475 129
676 193 138
676 501 26
677 76 9
677 86 56
677 340 34
677 356 209
677 369 396
677 370 831
677 405 1108
677 406 434
677 451 251
678 91 68
678 122 45
678 133 26
678 186 380
678 199 13
678 208 17
678 353 72
679 8 317
679 48 21
679 81 251
679 82 224
679 131 13
679 172 160
679 201 53
679 271 86
679 274 42
679 314 146
679 330 115
679 363 90
679 379 71
679 483 153
680 8 8
680 93 147
680 107 450
680 339 131
680 437 42
681 129 221
681 193 34
681 298 362
682 10 15
682 298 112
683 18 846
683 43 2175
683 56 3549
683 57 2425
683 127 780
683 152 591
683 407 468
683 465 1308
684 29 250
684 82 55
685 291 23
686 25 37
686 298 71
686 336 153
687 444 6
688 19 43
688 24 284
688 32 611
688 87 145
688 91 93
688 117 18
688 123 87
688 165 28
688 185 122
688 196 138
688 222 62
688 229 24
688 253 260
688 301 637
688 337 35
688 367 17
688 369 55
688 375 90
688 443 105
688 446 253
688 475 41
688 513 178
689 258 42
689 395 61
690 51 64
690 133 20
690 398 2
691 15 16
691 237 283
692 195 46
692 369 54
693 65 136
693 82 75
693 115 50
694 46 1815
694 62 891
694 82 41
694 131 1365
694 169 1401
694 218 700
694 283 73
694 301 610
694 308 766
694 352 713
694 362 555
694 385 408
694 411 933
694 475 1672
695 8 101
695 68 108
695 85 119
695 176 76
695 186 148
695 245 147
695 493 48
696 238 192
696 265 57
696 366 155
697 115 61
697 239 452
697 443 170
698 98 56
699 334 35
699 421 15
699 464 12
700 253 27
700 291 28
700 318 62
701 12 112
701 20 1336
701 67 217
701 82 164
701 101 332
701 150 1494
701 196 223
701 201 1926
701 236 2301
701 252 418
701 286 42
701 294 696
701 345 4099
701 393 94
701 423 598
701 426 32
701 489 131
701 498 218
701 510 81
701 544 224
702 123 222
702 134 175
702 294 883
702 416 1906
703 14 232
703 22 550
703 24 1907
703 36 694
703 37 9
703 43 523
703 49 900
703 51 1670
703 58 494
703 68 196
703 75 200
703 87 584
703 96 45
703 119 158
703 121 24
703 127 137
703 151 126
703 185 40
703 186 290
703 194 304
703 215 504
703 251 299
703 324 59
703 347 85
703 371 789
703 416 1179
703 426 153
703 446 70
703 464 95
703 488 2056
704 10 385
704 20 9519
704 28 304
704 29 692
704 43 778
704 54 1722
704 55 173
704 57 308
704 62 697
704 67 203
704 69 125
704 92 132
704 107 20275
704 114 191
704 127 175
704 185 449
704 186 86
704 206 228
704 218 507
704 237 1900
704 240 388
704 245 99
704 251 2316
704 257 1172
704 258 40
704 273 477
704 281 55
704 288 136
704 289 46
704 347 223
704 362 598
704 371 556
704 372 32
704 377 470
704 378 815
704 386 234
704 420 711
704 430 171
704 435 942
704 465 886
704 485 90
704 491 166
704 512 96
704 513 222
704 520 61
705 81 409
705 132 412
705 163 831
705 218 427
705 274 159
705 345 321
705 419 310
705 483 327
706 14 154
706 24 946
706 27 262
706 37 381
706 43 74
706 49 1399
706 91 45
706 125 950
706 127 414
706 195 697
706 209 477
706 252 217
706 424 133
706 425 3497
706 426 338
707 36 1901
707 49 21
707 68 75
707 71 170
707 181 581
707 416 187
708 37 105
708 194 416
708 291 122
709 10 13
709 13 58
709 19 12
709 22 46
709 41 22
709 91 34
709 93 18
709 131 77
710 98 144
711 4 42
711 16 76
711 291 137
711 436 50
711 526 19
712 265 17
712 291 62
713 265 15
714 119 44
715 8 129
715 21 155
716 325 348
716 397 29
717 13 49
717 16 51
717 82 1256
717 89 33
717 152 225
717 180 3
717 192 95
717 252 346
717 446 1230
717 458 84
718 10 516
718 16 396
718 32 1893
718 59 3406
718 65 550
718 76 232
718 91 365
718 121 24
718 122 73
718 132 303
718 186 790
718 192 319
718 196 215
718 199 10
718 237 85
718 266 459
718 281 451
718 302 17
718 335 187
718 513 1171
718 537 147
719 20 21036
719 26 376
719 35 28
719 48 882
719 82 76
719 89 781
719 107 65889
719 110 309
719 193 110
719 201 530
719 273 240
719 283 6525
719 315 282
719 432 36
719 440 9353
719 475 3364
720 13 126
720 93 115
720 165 51
720 213 49
720 245 209
720 326 31
720 360 93
720 500 451
720 542 149
720 543 273
721 530 37
722 19 241
722 93 480
722 100 49
722 119 212
722 160 81
722 175 202
722 281 42
722 291 18
722 308 354
722 355 124
722 398 9
722 414 11
722 488 49
723 123 282
724 8 416
724 30 22
724 32 652
724 35 88
724 41 583
724 81 269
724 89 162
724 91 151
724 96 290
724 107 48
724 131 41
724 155 13
724 168 153
724 174 52
724 218 650
724 237 474
724 238 338
724 245 756
724 335 188
724 475 96
724 491 344
725 37 58
725 41 430
725 43 202
725 52 205
725 57 696
725 117 313
725 122 32
725 164 734
725 169 104
725 185 277
725 237 287
725 253 5
725 335 18
725 347 25
725 438 400
726 194 30
727 8 79
727 16 25
727 59 34
727 91 70
727 101 19
727 117 9
727 178 2
727 199 14
727 202 39
727 208 53
727 253 78
727 291 39
727 317 37
727 335 59
727 427 19
727 435 11
728 10 109
728 13 64
728 15 80
728 19 150
728 298 305
728 327 77
728 373 274
728 474 548
728 526 12
729 75 76
729 322 6
729 436 60
730 10 138
730 18 31
730 30 22
730 48 244
730 59 45
730 82 126
730 141 324
730 151 528
730 159 202
730 191 40
730 239 88
730 265 80
730 477 62
731 70 20
731 123 16
731 395 24
732 2 312
732 8 74
732 231 33
732 303 19
733 354 29
734 493 97
735 396 12
736 8 633
736 22 126
736 75 1742
737 41 244
737 121 30
737 150 375
737 494 172
738 85 89
738 139 58
738 202 188
738 322 308
738 347 174
738 359 95
738 481 96
739 298 77
740 10 8
740 13 26
740 122 2
740 135 2
740 151 72
740 186 15
740 194 12
741 59 139
741 76 216
742 39 5731
742 43 70
742 57 2513
742 59 801
742 79 199
742 92 877
742 95 209
742 101 1675
742 105 161
742 152 2874
742 164 1655
742 173 2326
742 241 6118
742 244 4726
742 364 2317
742 383 16
742 412 734
742 443 2795
742 477 1339
742 498 81
743 151 759
744 8 653
744 15 477
744 33 85
744 39 232
744 76 2099
744 91 493
744 92 347
744 102 269
744 117 446
744 121 489
744 137 378
744 173 867
744 206 90
744 208 247
744 218 20
744 248 513
744 252 945
744 271 55
744 281 162
744 301 418
744 308 269
744 355 896
744 386 227
744 389 125
744 453 127
744 533 361
745 20 501
745 82 13
745 99 160
745 107 155
745 194 102
745 245 293
745 291 383
745 358 380
745 364 344
745 367 31
745 392 158
745 516 103
746 318 3
747 91 30
747 291 299
748 13 101
748 36 52
748 72 22
748 94 50
748 202 155
748 313 21
748 514 35
748 530 67
749 8 44
749 22 171
749 68 479
749 81 247
749 121 158
749 190 38
749 208 47
750 38 239
750 114 80
751 10 24
751 75 27
751 98 101
751 175 199
751 388 38
751 400 87
751 467 101
752 3 475
752 13 213
752 32 311
752 33 65
752 35 452
752 131 233
752 157 126
752 206 60
752 208 155
752 226 560
752 242 186
752 313 279
752 358 354
752 366 21
752 421 71
752 456 78
752 505 98
752 511 156
753 14 89
753 32 2559
753 51 162
753 54 523
753 65 679
753 121 1029
753 151 1988
753 208 406
753 245 678
753 322 354
753 333 321
753 423 1429
753 453 119
753 497 865
754 306 47
755 353 110
756 367 83
756 378 951
756 480 47
756 492 66
757 104 64
757 121 23
757 183 70
757 497 42
758 13 322
758 20 1116
758 35 94
758 60 747
758 103 488
758 107 6290
758 252 657
758 262 288
758 263 171
758 283 997
759 121 35
760 121 34
761 36 140
761 90 855
761 91 4
761 122 18
761 192 81
761 273 80
761 313 381
761 514 50
761 526 30
761 530 81
762 17 540
762 36 418
762 159 149
762 195 242
762 202 54
762 262 50
762 361 496
762 379 55
763 17 669
763 19 778
763 59 564
763 93 351
763 101 319
763 178 641
763 195 40
763 237 13
763 387 134
763 425 146
763 480 95
763 493 29
764 2 89
764 8 16
764 13 198
764 18 15
764 31 94
764 58 55
764 82 18
764 100 72
764 131 37
764 170 67
764 195 26
764 229 43
764 312 40
764 361 50
764 482 8
765 82 60
766 75 1394
766 76 292
766 345 2390
766 438 262
766 451 1775
766 464 65
766 497 877
766 534 3261
767 10 110
767 15 16
767 59 238
767 92 71
767 159 401
767 163 302
767 238 48
767 295 62
767 415 138
767 477 288
767 528 58
768 22 55
768 128 76
768 194 41
769 514 35
770 131 136
770 226 205
771 76 254
771 305 132
772 251 24
773 436 28
774 13 42
774 42 48
774 59 60
774 329 52
775 11 19
775 122 93
776 19 197
776 86 585
777 12 394
777 32 925
777 41 597
777 67 94
777 73 2712
777 74 118
777 93 186
777 131 528
777 155 51
777 195 426
777 237 497
777 239 23
777 295 346
777 301 181
777 308 54
777 395 79
777 419 135
778 194 26
779 6 150
779 8 65
779 12 25
779 17 333
779 43 1635
779 57 966
779 128 253
779 169 85
779 178 28
779 199 44
779 208 54
779 248 70
779 252 62
779 291 231
779 313 14
779 341 91
779 352 1036
779 362 175
779 392 69
779 423 1090
779 443 425
779 475 43
779 495 135
780 13 23
780 49 96
780 62 37
780 407 53
781 58 16
781 67 1459
781 304 235
781 532 61
782 12 125
782 87 21
782 115 329
782 164 339
782 195 207
782 295 809
782 401 71
782 443 198
783 13 13
783 73 349
783 131 342
783 135 311
783 151 63
783 175 63
783 186 24
783 195 234
783 303 9
783 393 33
783 423 497
783 464 168
784 6 127
784 25 17
785 14 648
785 42 48
785 47 160
785 103 109
785 116 9
785 120 57
785 281 28
785 387 638
785 407 1039
785 423 49
785 483 11
785 489 4
785 520 2
785 526 235
786 75 17
787 10 388
787 13 83
787 72 506
787 91 230
787 117 263
787 131 125
787 185 456
787 207 63
787 228 827
787 313 233
787 317 47
787 355 311
787 419 96
788 444 100
789 303 40
790 16 20
790 20 100
790 101 159
790 109 47
790 137 55
790 155 88
790 239 32
790 411 49
791 13 37
792 100 39
792 154 39
792 201 23
792 425 35
793 229 44
794 383 185
795 237 60
795 482 6
796 10 4
796 32 19
796 196 262
796 228 255
796 252 44
797 15 82
797 33 89
797 80 97
797 86 430
797 228 434
797 421 36
798 26 108
798 37 222
798 154 36
798 185 711
798 263 83
798 291 245
798 303 64
798 323 78
798 367 32
798 386 283
798 387 614
798 407 58
798 475 194
799 129 299
799 407 1406
800 190 108
800 234 246
800 355 425
800 387 381
801 265 50
802 12 48
802 33 78
802 82 10
802 87 35
802 117 153
802 128 47
802 131 112
802 159 68
802 169 150
802 208 57
802 228 44
802 295 30
802 335 11
802 443 186
802 475 52
803 17 145
803 52 231
803 73 252
803 92 67
803 199 114
803 205 142
803 251 53
803 313 3
803 345 3766
803 354 69
803 443 713
803 483 119
803 497 114
803 513 29
804 24 497
804 57 224
804 250 441
804 269 2017
805 12 105
805 68 51
806 194 187
807 154 11
808 252 30
809 15 180
809 59 516
809 238 37
809 308 172
809 428 152
810 10 186
810 18 1626
810 35 794
810 41 241
810 42 113
810 47 984
810 51 142
810 82 1197
810 91 316
810 92 43
810 101 211
810 103 347
810 117 2065
810 128 34
810 131 528
810 155 76
810 169 217
810 185 1786
810 196 209
810 199 285
810 202 335
810 205 119
810 208 2069
810 229 192
810 237 206
810 239 395
810 253 1314
810 261 50
810 262 75
810 281 327
810 289 5072
810 291 178
810 295 286
810 305 271
810 308 170
810 333 247
810 347 52
810 352 34
810 367 247
810 395 235
810 396 163
810 403 534
810 411 323
810 419 203
810 434 160
810 443 856
810 451 338
810 465 818
810 489 328
810 497 1070
810 498 345
810 512 158
810 552 18
811 14 164
811 81 148
811 115 73
812 194 150
812 489 642
813 39 2428
813 41 13
813 102 412
813 156 382
813 322 1274
813 495 1729
813 549 208
814 59 274
815 436 300
816 194 12
817 5 261
817 81 279
817 99 24
817 166 29
817 186 3
817 241 34
817 281 108
817 454 160
818 36 456
819 13 156
819 82 4
819 122 206
819 132 39
819 221 176
819 295 298
819 408 216
819 431 63
819 498 109
819 501 182
820 41 62
820 160 49
821 10 117
821 14 303
821 51 144
821 72 22
821 122 760
821 150 675
821 183 367
821 196 34
821 345 282
821 393 1029
822 4 46
823 14 77
823 323 6
824 135 56
825 252 44
825 408 26
826 18 85
826 229 198
826 308 154
827 59 2209
828 59 357
829 53 65
829 112 31
829 340 32
830 107 132
830 109 50
830 305 354
831 89 39
831 91 14
831 377 54
831 498 166
832 24 143
832 41 74
832 100 162
832 269 173
833 41 94
833 43 361
833 121 161
834 131 117
834 235 100
834 252 24
835 13 8
835 27 17
836 39 93
836 43 146
836 47 368
836 102 39
836 110 108
836 173 153
836 193 5
836 199 8
836 241 432
836 244 1698
836 250 217
836 281 49
836 464 16
836 489 551
836 523 271
837 129 63
838 133 175
839 451 187
840 137 12
840 366 88
841 20 156
841 24 729
841 40 68
841 49 146
841 54 643
841 87 67
841 107 10895
841 141 699
841 173 29
841 218 231
841 237 45
841 250 325
841 269 59
841 281 54
841 283 1392
841 356 184
841 399 257
841 414 303
841 460 42
841 475 140
842 37 303
842 55 48
842 91 136
842 208 129
842 281 214
842 291 115
842 362 320
843 36 26
843 86 151
843 98 776
843 303 112
844 154 18
845 8 75
845 68 19
845 110 169
845 121 5
845 141 51
845 159 140
845 196 8
845 208 87
845 230 116
845 261 36
845 301 44
845 308 42
845 411 28
845 497 29
846 273 16
847 11 332
847 13 48
847 15 278
847 122 27
847 208 37
847 289 229
847 385 370
847 416 432
848 251 221
849 176 70
849 265 74
849 318 10
850 10 428
850 13 30
850 15 83
850 60 1874
850 87 338
850 91 76
850 103 2261
850 104 323
850 117 2853
850 122 100
850 208 790
850 237 1348
850 238 265
850 253 193
850 365 2615
850 500 310
850 526 354
850 542 179
850 543 254
851 10 600
851 12 26
851 43 1034
851 56 422
851 59 133
851 75 178
851 86 242
851 127 32
851 137 237
851 196 448
851 228 1052
851 237 413
851 308 16
851 333 110
851 423 531
851 457 232
852 11 97
853 17 1306
853 109 23
853 117 1035
853 163 108
853 281 83
854 2 230
854 10 32
854 13 142
854 32 75
854 68 120
854 75 959
854 103 4
854 117 91
854 139 228
854 150 368
854 289 105
854 325 27
854 365 59
855 228 610
856 8 46
856 41 147
856 160 18
856 202 116
856 281 15
856 407 32
856 533 62
857 36 44
857 434 28
858 10 421
859 262 85
860 90 60
861 19 1692
861 240 128
861 291 248
861 345 65
862 152 55
862 356 87
863 229 108
863 271 6
864 526 11
865 199 39
865 208 89
865 322 649
866 65 94
866 91 34
866 164 94
866 190 21
866 275 179
866 322 24
866 436 70
866 502 109
866 547 122
867 22 442
867 50 349
867 60 767
867 76 681
867 84 445
867 107 18442
867 239 188
867 241 318
867 260 142
867 291 422
867 303 859
867 367 1384
867 379 358
867 388 226
867 408 584
867 443 470
867 465 869
868 39 69
868 82 1268
868 84 206
868 162 494
868 236 1491
869 39 57
869 102 87
869 109 535
869 117 86
869 141 113
869 262 256
869 275 177
869 367 70
869 387 32
870 46 281
870 160 212
871 152 346
871 164 45
871 333 67
872 13 74
872 47 312
872 60 70
872 103 22
872 275 102
872 289 442
872 302 31
872 443 290
872 532 25
873 18 143
873 107 21
873 154 12
874 208 728
875 26 619
876 10 21
877 59 203
878 20 12
878 82 14
878 122 11
878 208 53
879 26 77
880 252 50
881 76 15
881 208 81
881 303 145
881 443 541
882 160 119
882 541 121
883 10 113
884 495 134
884 551 113
885 94 57
885 525 418
886 22 12
886 180 151
886 298 224
887 8 34
887 206 54
887 548 53
888 49 176
888 125 389
888 324 3
889 542 31
890 134 68
890 208 142
891 361 195
891 408 151
892 269 527
893 8 35
893 17 76
893 135 12
893 322 10
893 386 24
893 488 48
894 322 74
894 345 63
894 407 205
895 191 37
896 48 136
896 156 10
896 407 87
897 59 822
898 357 55
899 52 37
